14 500
1 91
2 117
2 59
7 205
36 1940
9 280
7 236
4 96
3 67
2 46
3 76
4 144
1 22
19 1035
3 113
38 1333
1 29
5 137
54 3209
2 55
4 168
46 1936
3 75
6 227
3 77
3 72
3 107
1 47
16 681
1 41
1 20
5 192
4 183
1 20
2 63
3 77
2 50
15 515
1 43
3 71
14 403
1 20
8 226
5 165
48 2568
2 64
5 123
16 814
30 1124
5 143
26 1226
11 341
5 158
17 795
1 59
1 22
2 63
33 1344
1 24
5 164
8 267
5 194
7 192
24 1490
21 851
6 161
22 781
7 276
7 289
23 674
7 300
38 1295
256 17771
35 1900
1 36
11 369
1 20
2 57
4 134
4 98
28 1635
5 204
2 45
6 160
1 29
2 73
4 209
1 23
3 84
28 1162
13 500
3 84
5 235
12 492
7 339
7 183
11 463
38 1328
1 48
4 131
1 58
5 131
6 180
2 47
1 27
8 274
43 1809
40 1649
52 3148
69 3431
7 207
4 113
19 1093
15 513
5 118
2 85
3 74
2 46
6 197
4 111
3 91
91 4375
12 463
22 810
19 922
6 195
7 267
1 30
6 204
3 84
4 120
1 21
27 923
31 1278
20 673
3 104
22 957
17 1006
10 390
14 466
112 5710
2 55
49 1770
4 92
21 940
11 454
1 26
24 807
35 1693
3 87
26 1088
81 3825
2 117
39 1522
69 2627
2 69
34 1530
6 197
19 1050
7 242
11 422
7 240
61 2852
25 1647
8 265
3 78
9 329
30 1494
14 458
14 595
4 111
13 421
3 69
1 20
46 2201
19 929
1 25
21 646
14 340
62 3108
4 98
3 89
20 580
41 1245
8 257
4 90
9 308
24 1170
2 40
5 269
14 500
27 1141
5 147
2 50
16 690
29 1313
2 51
4 165
1 32
1 24
1 27
1 23
21 856
4 165
26 1006
24 956
9 341
2 74
25 862
7 169
35 1269
2 54
6 145
5 180
19 958
1 41
7 256
5 182
4 110
2 51
15 651
7 253
3 126
4 105
19 795
3 70
37 1276
7 218
4 91
28 986
62 2868
4 152
50 1577
9 646
2 76
2 65
41 1787
1 26
3 73
8 214
27 1051
103 5703
1 21
2 55
2 42
4 108
152 6159
8 283
5 139
4 114
1 24
12 579
6 163
1 21
23 1357
3 106
5 220
16 582
12 477
4 107
23 1047
1 31
10 354
8 203
7 224
8 225
4 134
3 76
1 29
26 1419
23 1002
38 1365
24 1063
25 1167
3 98
4 131
8 257
6 192
19 663
10 633
51 2733
3 100
30 1393
1 21
1 66
20 1710
22 1134
2 64
1 23
2 63
3 78
2 65
15 584
5 163
14 436
2 47
27 1033
6 177
19 642
4 117
18 634
13 765
41 1770
1 20
9 302
26 1032
18 741
63 4349
47 2081
19 696
16 513
20 785
32 1496
16 693
7 237
5 118
5 161
1 22
11 399
7 227
5 151
35 1888
1 28
5 296
1 30
2 43
3 86
1 45
27 1480
3 92
38 1592
17 708
3 92
2 45
19 940
1 26
13 480
2 82
2 76
16 619
2 46
39 1345
1 24
15 487
1 40
20 822
11 293
18 620
14 588
10 363
1 25
1 20
15 886
81 3746
14 403
189 9435
4 163
2 56
544 29379
3 83
53 2611
2 51
10 356
25 1099
7 270
7 315
4 154
4 119
36 1540
11 558
11 365
12 397
54 2528
52 3165
41 1783
1 23
39 1814
2 68
5 151
18 833
64 4079
9 270
66 4023
2 46
10 437
9 271
9 258
6 162
14 509
3 63
20 773
3 102
14 640
2 89
2 54
12 535
6 180
7 170
10 379
12 380
14 456
19 1025
13 566
6 143
5 152
9 237
1 27
11 359
3 174
5 198
7 232
12 348
2 47
1 44
57 3183
27 1041
5 134
4 126
4 165
40 2057
2 58
27 998
2 85
2 40
4 101
27 925
19 956
4 141
16 644
1 69
1 37
42 2050
23 686
1 38
2 56
4 110
1 20
2 62
16 606
4 95
13 350
31 1034
47 1740
1 24
10 341
11 789
2 57
21 1022
25 1325
10 347
19 677
2 49
5 128
9 274
1 21
4 133
26 1012
25 1698
1 23
7 223
7 432
31 1248
52 2653
44 2836
2 60
5 248
14 595
13 507
3 88
10 436
4 103
1 41
2 91
7 199
1 52
14 761
22 614
8 308
1 70
20 1014
7 171
3 83
28 1015
1 29
3 93
35 1132
4 149
3 84
4 131
2 48
4 99
2 47
15 803
6 190
27 1272
32 997
2 112
3 89
17 554
11 443
6 183
5 169
22 711
26 776
22 836
19 574
1 34
10 346
27 904
2 100
10 324
17 644
2 65
46 2181
25 1364
77 3928
14 396
1 59
14 607
387 18276
1 25
72 2960
15 1051
7 229
6 132
33 1768
4 153
7 186
12 408
19 896
15 554
2 77
92 5536
84 4892
6 187
2 43
18 1106
5 261
6 188
1 20
1 55
1 51
1 22
5 195
2 78
17 1561
95 6314
12 330
10 606
10 462
1 49
21 728
31 1288
63 2380
3 80
3 152
77 4179
5 150
7 264
24 942
77 4425
9 249
9 428
7 276
14 566
32 1594
4 136
16 709
9 391
5 142
2 41
7 347
21 595
5 180
3 85
54 1864
16 637
4 150
30 1005
13 423
12 543
6 368
10 351
17 1178
6 185
1 36
2 47
10 281
5 181
3 130
7 212
7 198
40 1540
36 1499
3 135
6 216
1 28
14 511
4 88
10 309
1 64
9 375
11 349
2 49
4 121
5 163
4 105
16 688
17 638
5 148
33 1109
10 409
6 186
34 2082
12 375
25 1490
10 397
8 529
8 198
8 356
49 2822
1 21
7 226
13 419
6 193
1 25
2 89
21 1024
1 24
16 604
73 3264
4 110
2 62
20 715
19 719
41 2028
240 14819
1 20
5 156
22 738
45 2113
2 48
22 729
3 108
5 167
15 527
25 786
5 332
7 337
16 614
13 521
9 387
4 126
13 530
11 513
5 313
1 33
60 2713
17 615
14 424
1 20
1 23
18 697
3 115
9 365
2 46
4 106
24 952
1 21
27 1319
18 875
18 998
83 4121
4 235
4 185
18 804
4 121
6 164
22 924
6 154
8 288
9 461
11 432
7 179
11 441
9 325
2 90
24 1150
1 21
2 59
9 270
23 894
1 23
2 72
1 32
1 26
3 106
1 20
1 20
25 978
13 393
18 675
1 20
8 394
7 219
1 21
1 32
1 20
26 916
2 42
7 223
2 51
3 72
2 45
1 21
21 952
12 392
1 21
16 574
5 151
7 292
8 305
2 68
1 27
2 45
58 2688
5 144
1 27
3 65
6 197
1 62
3 67
2 84
3 62
1 24
1 22
1 23
79 3870
6 162
6 156
3 114
11 324
6 156
59 2445
1 22
22 1051
30 1627
25 765
1 22
2 46
19 823
7 241
6 359
11 369
10 303
5 125
72 2660
15 461
3 75
1 20
1 23
1 30
21 614
4 210
9 260
15 455
1 22
3 105
91 4829
1 27
4 89
1 23
1 23
1 20
61 2597
1 25
1 26
10 385
39 1950
47 2088
12 380
3 107
7 206
12 651
22 855
4 91
1 20
44 1854
8 249
8 331
26 1165
51 2900
11 436
12 427
27 1467
8 336
1 21
5 246
6 168
21 1192
16 463
65 2829
2 65
4 161
5 136
1 34
1 20
22 973
1 23
3 112
7 249
5 168
9 377
3 80
4 98
1 26
10 272
12 310
10 274
9 357
16 704
8 288
22 942
2 52
8 275
1 31
21 1192
1 20
7 236
6 154
4 133
26 1085
42 1817
3 70
20 596
43 1652
1 57
37 1797
1 36
4 144
15 615
93 4609
3 67
6 271
7 169
13 582
1 22
34 1632
2 52
9 249
19 726
12 388
69 2919
7 273
2 50
14 616
4 94
13 501
26 1159
1 36
11 395
8 176
9 484
23 1193
103 4298
3 134
4 266
38 2057
16 767
4 111
3 71
3 102
12 381
2 55
27 988
6 213
25 937
2 56
43 1610
7 329
4 98
7 196
7 177
21 776
2 47
31 1567
1 26
28 1349
2 48
1 20
9 366
1 27
12 399
2 42
11 345
39 1295
11 330
10 416
14 476
43 1812
10 291
27 1405
36 1599
23 791
5 122
12 403
11 566
10 307
2 42
25 911
2 42
35 1395
27 2600
15 511
23 1623
7 256
41 1860
15 626
1 27
6 145
1 66
42 1910
35 2050
19 553
6 219
26 811
1 74
9 392
2 77
4 253
9 266
24 815
5 142
2 48
2 56
8 337
2 47
19 648
2 66
2 52
5 157
12 407
3 90
17 515
29 962
2 112
6 260
1 28
23 980
13 349
15 776
3 62
1 20
6 251
38 1772
5 165
4 93
28 819
2 59
4 97
9 319
13 346
1 32
2 63
3 144
25 972
3 104
3 64
1 20
3 91
2 78
4 116
3 81
2 57
13 412
27 843
2 43
2 70
17 573
4 116
3 89
10 318
22 964
1 26
3 88
33 1210
1 33
74 3207
4 88
10 274
3 101
4 110
15 561
1 32
21 788
7 292
15 483
3 76
17 843
5 118
87 5480
1 20
3 112
19 533
24 847
115 5980
4 162
4 181
10 273
3 98
5 150
5 168
2 41
1 22
1 39
55 3687
8 218
24 905
23 835
7 211
7 171
1 24
23 1127
42 1812
3 101
5 124
4 101
23 1180
96 7486
13 392
2 42
8 284
19 960
2 56
6 142
2 87
13 325
7 261
4 86
1 27
1 30
3 67
28 1018
29 1330
37 1554
4 103
103 7072
7 236
8 202
8 257
4 148
1 25
16 678
13 446
6 176
13 386
23 1121
31 1778
10 318
9 399
10 322
70 2541
11 454
3 93
1 39
13 491
1 22
4 135
1 20
4 128
35 1687
40 1484
2 49
8 262
1 40
34 1714
10 295
93 4603
7 348
3 69
3 71
6 201
56 2389
6 194
5 144
23 1209
1 21
17 793
14 354
2 43
23 1483
20 770
31 1509
4 145
4 130
17 529
6 281
34 1254
6 230
2 53
8 274
3 74
15 613
15 679
23 773
2 43
17 788
1 23
96 5064
10 310
18 1266
3 110
6 234
18 697
3 137
35 1159
7 273
2 61
1 25
6 368
3 82
1 34
37 1655
7 174
38 1379
2 44
29 1383
18 1140
82 5951
5 200
3 68
2 65
1 32
5 119
2 76
1 21
2 68
1 24
44 2615
16 913
3 63
6 173
25 867
105 6018
34 1806
6 197
5 152
7 377
4 133
1 20
4 132
8 276
6 220
4 191
4 149
6 222
4 128
6 195
6 184
9 290
61 3984
11 383
2 68
5 146
13 403
2 48
4 102
2 42
2 43
3 86
3 66
2 47
6 263
5 169
7 253
17 665
20 1042
20 681
16 864
8 353
10 366
17 650
9 305
1 29
2 82
10 437
2 50
11 566
8 300
3 95
1 23
9 288
2 54
32 1200
30 3247
2 51
6 200
2 46
4 88
9 248
5 128
6 258
172 10443
13 496
14 448
9 482
11 349
1 25
20 955
1 38
2 80
52 2923
2 55
43 1716
21 916
3 69
6 215
7 213
1 23
16 758
3 81
14 394
19 790
3 121
14 441
2 56
1 21
4 99
7 181
1 29
6 262
6 220
3 75
2 82
1 22
7 159
3 77
5 159
1 20
3 73
4 129
24 1750
3 77
5 156
1 40
1 25
1 40
25 1207
3 72
12 569
5 246
6 261
17 694
7 227
9 355
9 395
9 270
11 380
26 1014
7 214
5 198
5 170
4 97
11 536
8 291
6 220
63 3808
2 54
8 236
11 427
15 998
51 1851
4 116
1 33
13 417
5 208
6 154
5 189
6 172
81 3537
13 353
7 406
31 1354
3 119
4 159
12 325
13 386
3 98
2 51
2 43
2 66
7 229
15 519
34 1176
1 24
2 53
2 42
3 67
1 22
1 22
15 514
8 308
92 7710
14 725
3 71
5 211
1 31
7 367
9 226
9 281
27 1449
19 577
2 71
5 123
2 46
4 131
1 28
2 89
6 183
6 201
1 32
1 28
2 76
3 77
12 291
1 20
47 2918
2 108
5 285
7 164
28 1146
30 1835
7 292
7 240
9 325
24 1279
7 201
12 492
5 162
5 220
9 312
1 35
12 549
19 1145
10 309
2 46
5 161
9 317
2 59
5 117
20 941
1 26
2 42
3 72
4 96
20 545
9 249
5 175
4 190
7 250
19 867
27 1051
21 706
4 172
12 477
1 27
9 284
4 101
3 72
1 32
3 165
1 21
17 566
9 250
7 228
1 21
1 26
21 970
1 20
13 580
28 896
16 551
3 82
7 370
2 72
13 375
4 109
1 40
3 71
4 114
11 318
13 520
48 2043
7 262
1 27
23 1278
2 49
1 23
2 60
4 119
15 464
3 74
75 3565
9 249
35 1839
5 157
4 164
3 100
5 218
7 244
20 813
1 24
4 121
1 20
11 338
1 20
55 3141
5 136
2 76
6 186
6 180
47 2879
1 39
2 91
9 272
8 294
13 701
4 100
6 212
4 148
13 431
27 933
10 294
10 276
4 89
3 115
4 175
4 148
8 310
1 22
3 94
5 187
2 53
11 430
28 1287
1 32
1 26
2 60
8 241
4 129
8 320
1 20
2 62
8 266
55 2589
1 25
1 25
4 102
1 23
14 457
61 2915
1 28
3 103
2 48
27 868
2 45
30 1261
3 91
12 397
1 70
3 111
23 1242
3 70
71 2710
2 45
5 139
7 183
11 616
10 355
13 587
3 153
17 702
15 517
31 1729
2 54
11 330
12 681
19 893
5 142
5 116
2 46
3 68
1 21
15 742
2 60
5 125
3 83
4 97
2 44
21 987
4 189
9 351
13 418
1 25
7 240
9 347
10 269
4 99
9 376
6 171
22 650
5 136
1 20
1 34
2 44
1 21
13 434
16 649
1 36
3 144
3 113
4 88
2 58
7 178
8 208
17 602
13 667
1 39
7 163
22 715
10 297
12 367
8 252
28 1630
21 696
11 537
10 349
3 115
97 4820
3 86
11 377
4 176
3 90
2 55
7 170
2 66
4 132
33 1307
10 333
32 1261
3 81
2 49
5 179
20 977
1 25
7 220
5 140
8 189
2 52
13 427
4 166
12 399
26 1192
6 243
2 42
19 586
2 79
3 77
1 30
1 30
3 82
8 383
20 751
5 196
3 143
21 778
1 22
4 123
4 193
2 49
4 113
9 328
24 960
1 21
5 194
4 122
1 27
7 276
51 2469
2 50
1 30
10 331
2 45
16 688
14 687
4 108
6 162
16 789
3 102
1 25
9 324
5 121
8 404
1 27
8 326
3 78
5 130
7 228
8 338
4 142
1 74
9 307
1 38
6 167
2 52
3 66
9 311
3 83
8 204
27 1137
5 148
10 469
6 171
1 33
9 306
3 73
1 25
1 53
8 321
2 47
1 22
2 64
10 283
1 23
23 1002
3 112
5 130
1 23
5 179
8 273
3 70
2 60
1 25
14 504
3 69
12 344
2 60
2 86
6 232
1 22
5 214
3 74
5 155
8 225
65 2220
23 1276
1 38
7 222
5 161
2 45
4 123
6 135
2 43
6 211
1 29
1 37
1 20
5 127
1 27
1 24
1 27
5 129
2 46
6 187
3 98
5 223
1 29
21 1019
30 1468
3 74
1 25
1 22
1 30
4 136
6 218
10 271
3 87
7 241
1 21
1 30
24 1435
2 48
7 220
1 29
11 647
9 406
7 227
22 894
23 792
1 21
37 1630
15 570
6 154
5 141
4 153
15 557
2 53
1 42
9 330
3 98
7 226
5 237
9 303
8 368
6 144
4 127
3 65
2 46
26 1010
3 75
1 28
6 162
2 53
2 45
4 151
1 23
6 277
3 104
4 114
11 462
4 116
3 74
1 24
4 111
19 588
2 55
6 243
1 24
1 29
1 48
6 259
1 21
1 25
4 194
1 45
6 181
17 1216
2 58
4 93
1 24
3 107
9 308
1 21
6 171
65 2474
6 154
6 265
1 26
2 57
20 943
8 219
2 69
36 2461
64 3409
2 103
64 2346
14 547
9 295
5 169
83 3506
28 1456
8 279
1 70
1 20
3 134
1 22
6 232
3 98
1 21
41 2271
5 202
5 189
9 317
18 668
3 65
9 538
16 651
1 25
1 37
1 22
2 49
4 118
4 143
5 161
4 96
17 962
4 141
3 149
2 46
2 67
7 373
5 184
17 747
2 42
1 20
4 126
28 843
8 224
2 52
2 64
1 23
4 97
4 99
1 30
24 797
5 184
2 53
3 82
2 53
8 259
1 77
14 481
2 46
5 118
4 99
2 68
6 173
25 1001
3 97
8 396
2 74
25 986
1 38
4 145
7 234
4 107
1 35
3 107
2 53
2 44
17 536
21 1033
2 76
43 1923
16 687
1 24
3 67
4 127
1 33
2 54
12 410
2 57
2 60
14 388
5 134
41 1905
9 269
4 106
1 34
3 93
4 97
14 854
1 23
3 147
4 131
1 23
4 94
2 56
1 26
3 124
1 38
9 450
18 720
4 119
4 106
2 48
25 1165
9 342
3 67
7 229
173 9729
5 111
7 165
1 21
12 592
1 37
14 527
4 280
2 54
5 138
6 181
46 2637
13 499
2 45
13 426
54 3007
8 219
18 804
2 45
12 461
5 126
2 50
3 71
5 140
15 1106
1 20
5 172
13 462
8 295
12 340
7 262
19 1271
6 155
1 27
5 141
2 43
2 51
1 29
1 23
1 25
1 25
3 82
2 50
1 24
1 21
2 41
5 244
8 283
17 522
6 312
3 68
3 65
3 91
1 21
1 33
4 92
2 47
14 389
1 24
16 528
3 66
4 109
7 273
3 122
17 546
3 75
8 231
9 294
4 132
1 43
5 117
2 43
10 300
47 1778
73 4605
10 535
2 41
1 20
1 34
1 21
5 115
2 58
7 500
2 40
3 89
4 133
72 4073
13 581
4 124
36 2329
2 76
1 29
14 520
4 125
7 225
19 1138
1 30
6 189
3 68
1 20
6 211
1 49
1 25
6 229
6 420
4 100
3 70
6 169
2 74
9 263
6 675
1 20
3 104
2 63
2 88
9 258
4 122
5 208
11 483
3 68
3 87
7 553
1 26
10 326
11 411
1 27
2 72
2 44
1 21
5 143
1 20
3 72
11 289
11 289
14 522
3 87
1 35
1 26
1 22
25 925
18 669
17 939
7 278
6 137
1 32
30 1915
8 276
11 410
1 20
50 2131
14 493
1 26
1 20
9 290
9 383
2 56
1 23
3 236
32 1689
7 249
4 109
6 249
4 108
2 66
1 22
3 63
3 83
3 116
5 215
1 30
23 993
24 1195
7 184
4 152
3 162
4 103
4 147
34 1173
4 145
3 98
4 132
3 82
9 245
28 1452
4 142
7 438
19 897
15 1475
7 230
3 66
7 208
5 125
10 311
13 608
9 297
2 45
4 116
5 150
19 736
1 41
1 51
3 108
1 22
1 23
5 151
6 177
1 61
3 90
1 22
2 77
2 48
1 26
3 95
2 55
3 65
2 87
2 43
8 302
3 85
69 3692
12 321
3 84
1 43
2 55
1 24
2 54
4 173
42 2290
2 41
7 201
2 50
26 944
14 417
23 720
1 21
12 336
6 228
1 22
15 395
1 47
28 995
18 531
9 331
19 598
3 86
2 51
6 186
4 125
3 92
2 74
2 65
2 40
3 86
25 2054
2 55
4 149
22 1129
31 1367
9 268
1 23
5 130
1 33
4 100
4 110
7 229
48 2723
1 26
3 70
19 579
18 549
7 280
4 113
11 449
2 45
4 109
36 2037
2 52
1 30
2 73
16 1377
1 53
7 391
6 378
1 22
2 42
11 274
1 23
2 53
5 129
9 304
2 41
6 219
3 95
24 947
4 105
7 305
8 409
2 50
1 20
2 53
2 48
7 272
1 32
3 217
5 122
27 2604
27 1566
1 21
9 222
22 776
18 612
21 631
2 46
8 242
16 562
5 161
8 218
6 216
9 234
6 192
1 24
3 107
5 169
27 1604
2 59
4 150
7 180
5 149
13 423
6 166
2 137
10 281
2 45
1 23
1 25
4 143
22 1115
10 264
4 99
3 71
3 132
4 135
1 20
1 24
4 99
5 123
6 177
1 22
2 53
1 36
91 5233
1 24
15 812
3 66
3 67
1 43
15 538
8 356
11 320
11 344
2 60
4 167
4 120
1 20
1 26
36 2672
2 41
9 309
4 100
5 191
2 46
16 1127
9 280
19 730
45 1685
8 258
1 22
2 93
31 1587
12 513
1 25
15 702
6 174
18 633
10 248
3 92
4 116
10 336
3 95
3 120
2 55
6 179
9 230
5 658
1 44
31 1357
1 31
7 269
73 5514
67 3882
3 75
41 4027
1 46
8 314
18 937
1 23
1 24
3 124
3 113
7 231
4 188
53 3151
15 435
1 22
28 1196
7 207
1 28
8 186
4 99
14 566
12 326
15 536
13 346
1 20
1 21
5 128
13 422
24 1267
11 616
3 126
3 103
1 24
1 56
2 132
4 125
3 65
8 216
1 48
28 1334
1 28
2 53
8 253
2 47
4 139
11 403
34 1901
1 20
30 2676
3 109
23 764
1 28
2 80
3 99
1 25
3 102
4 154
14 586
2 50
9 386
1 22
2 64
5 169
2 189
5 160
7 339
2 43
11 429
3 70
32 1592
4 115
4 100
3 71
2 48
32 1509
1 24
2 81
2 84
1 44
15 504
3 101
7 290
11 268
11 344
2 59
15 871
4 135
9 457
9 430
1 59
43 3910
7 191
9 350
2 64
5 145
2 306
11 461
5 193
30 1591
3 68
5 123
1 31
1 20
6 181
1 31
57 2990
4 378
22 1353
7 232
7 159
1 22
10 273
25 1012
7 231
56 2484
8 256
13 713
3 87
10 447
15 460
1 21
1 26
2 83
15 425
15 563
2 46
16 706
1 20
1 45
1 45
4 147
5 184
2 48
1 33
6 151
3 83
3 114
2 104
27 902
3 176
6 631
2 61
1 22
21 842
3 84
1 37
4 122
1 22
55 2239
2 57
24 772
4 196
2 79
20 818
5 298
3 82
12 1345
4 251
2 51
3 111
3 96
5 195
1 24
8 392
3 135
7 194
21 1050
8 473
5 197
6 233
21 1148
1 25
2 64
1 20
79 3778
5 140
1 25
17 1388
18 622
2 47
1 20
2 51
2 90
7 395
26 1241
24 1089
22 1703
46 2397
3 95
5 130
1 24
74 3181
2 53
1 22
8 650
24 1582
18 1862
24 998
16 1094
14 640
3 97
7 194
6 254
1 22
3 91
1 20
5 180
13 526
12 1159
1 21
1 32
3 121
1 26
2 56
31 1498
10 414
25 992
9 532
4 117
1 20
3 156
1 91
13 736
1 27
63 2266
17 1031
21 1753
2 128
6 222
18 871
1 27
17 483
6 155
2 40
10 556
2 81
5 159
1 21
15 752
4 414
1 22
7 381
8 423
11 583
2 55
1 54
3 113
1 22
1 44
1 22
1 33
1 22
1 23
2 57
1 20
2 60
15 517
4 139
7 192
1 23
10 358
1 20
1 27
9 347
4 143
2 90
9 242
5 123
13 498
6 223
22 1267
2 42
8 254
41 1908
10 385
8 343
14 526
16 658
5 133
88 4841
10 324
18 543
68 3161
3 74
1 20
6 201
2 73
31 1296
17 752
1 21
11 434
8 340
2 89
6 160
2 48
4 120
18 720
1 22
8 224
3 78
4 89
4 113
32 2293
64 2486
11 365
9 373
3 82
11 313
1 36
9 588
6 134
25 970
6 211
6 205
2 73
1 37
7 303
106 4428
6 196
11 389
3 64
1 29
7 317
2 57
6 244
20 1127
12 457
5 153
5 154
2 44
32 2034
3 70
4 158
11 307
1 25
12 331
3 90
12 525
38 2080
6 135
3 81
13 368
3 61
7 470
2 50
6 373
3 69
1 22
1 25
3 60
14 515
4 147
4 123
1 42
3 84
2 46
26 1021
1 22
2 45
8 597
7 180
8 346
7 294
1 68
1 23
8 340
5 146
1 28
1 38
8 441
2 43
1 28
1 26
2 64
15 556
35 1261
15 824
11 339
1 23
8 302
7 277
12 470
5 124
23 745
60 3178
5 130
6 174
3 62
17 833
5 148
16 461
14 1021
36 1328
3 106
20 722
13 390
6 185
33 1341
5 304
1 23
5 151
8 279
31 2325
54 1888
46 1668
32 1707
45 2479
5 168
24 693
4 193
4 143
43 1560
6 204
7 207
6 247
11 556
8 324
9 266
67 3924
7 198
23 728
12 457
32 1552
1 125
15 411
8 258
52 2206
13 617
38 1833
6 196
1 21
2 84
41 2251
54 3683
5 181
6 146
20 881
10 631
10 407
6 217
32 964
12 516
49 2134
1 29
2 52
2 66
3 101
16 708
4 198
73 2565
9 335
16 667
8 213
50 2042
1 20
27 727
4 102
8 340
32 1084
95 4713
15 549
6 202
4 116
52 2620
4 125
12 358
1 33
2 51
11 457
5 133
3 91
5 184
3 106
3 96
1 20
21 758
3 94
29 1129
20 941
4 141
10 281
17 869
12 529
1 20
1 25
23 1556
24 1378
2 85
8 215
26 991
62 2812
2 54
1 29
1 20
22 1330
28 1309
1 31
24 1295
5 134
26 1135
5 154
30 1234
5 149
23 1145
9 258
1 73
5 177
15 791
5 143
1 22
25 1570
10 482
6 206
43 1873
1 22
4 142
12 476
27 1319
15 1037
7 267
65 3018
12 378
18 535
53 2072
9 288
15 407
6 189
6 155
7 190
10 478
44 2561
9 254
16 538
22 652
14 431
1 26
134 5437
20 1301
33 1766
8 219
7 168
1 22
24 780
5 236
3 70
26 1227
3 66
35 1356
77 4230
11 414
16 552
2 65
63 2712
30 1248
2 48
8 210
6 205
4 108
28 1946
5 127
8 233
7 233
9 258
5 136
2 56
38 1949
26 993
4 110
22 1244
1 27
2 67
5 155
35 1330
1 26
79 4399
79 3702
1 43
30 1122
63 3250
1 64
23 1079
7 217
10 248
2 45
1 29
4 120
1 21
2 47
14 568
17 1008
6 157
72 2974
9 275
27 1115
19 963
21 877
5 122
47 2235
2 77
3 80
31 1396
17 753
3 70
11 405
7 186
5 203
3 118
2 55
8 205
21 826
14 636
2 65
18 647
4 160
6 180
15 528
5 169
6 155
13 701
13 369
16 744
7 407
5 163
1 21
5 222
18 610
7 205
1 39
29 1619
16 748
34 1884
9 264
4 102
2 114
1 20
1 22
4 141
37 1958
15 639
5 137
3 68
12 323
112 6696
73 2826
6 159
1 21
1 28
26 1187
6 201
21 834
1 24
5 133
1 35
6 256
55 2048
1 21
2 47
2 69
3 97
27 1019
5 168
12 356
7 209
2 47
1 31
6 140
5 159
5 184
1 25
3 71
2 84
8 252
3 76
1 23
6 183
37 1684
3 81
4 120
1 20
27 1183
11 348
9 359
1 22
35 1325
3 72
35 1747
6 369
10 254
4 146
5 158
1 20
7 274
6 215
2 42
48 1939
11 413
8 246
2 53
55 2587
7 222
2 45
14 690
16 1152
16 480
8 273
5 213
1 24
12 379
8 248
15 675
1 34
13 681
16 653
8 278
168 15810
9 275
8 307
15 462
67 2706
7 289
5 161
9 345
4 146
1 44
42 1646
2 61
5 146
4 130
48 1804
