203253253 1
203594164 2
203598466 3
204958872 4
205985855 5
234630133 6
263674097 7
264014957 8
266187342 9
266187383 10
266187477 11
266187480 12
266187559 13
266528086 14
267214250 15
267223104 16
267551639 17
267564140 18
267896360 19
268731005 20
294450004 21
295802733 22
296139882 23
296199021 24
296199149 25
296203324 26
296203325 27
296203392 28
296203434 29
296203440 30
296358430 31
296509709 32
296531366 33
296535619 34
296535655 35
296838079 36
296855409 37
296859399 38
296885362 39
297166053 40
297217528 41
297230760 42
297541369 43
297563139 44
297563270 45
297580589 46
297584869 47
297908595 48
297912117 49
297917363 50
297917364 51
297917459 52
297917475 53
297921570 54
297921608 55
297921808 56
297925487 57
297925526 58
297925608 59
297925628 60
297929902 61
297929935 62
297930068 63
297934349 64
297938585 65
297947227 66
298241038 67
298250090 68
298254384 69
298254474 70
298254517 71
298258354 72
298258399 73
298258513 74
298258611 75
298262357 76
298262408 77
298262442 78
298262488 79
298262498 80
298262599 81
298262663 82
298266660 83
298266783 84
298266903 85
298267069 86
298267091 87
298591130 88
298595196 89
298599269 90
298599271 91
298599664 92
298603633 93
298603693 94
298603730 95
298607673 96
298607679 97
298612190 98
298616588 99
298927224 100
298927362 101
298931489 102
298944444 103
298944479 104
298944745 105
298948785 106
298952944 107
298957166 108
299082033 109
299289811 110
299290105 111
299298381 112
299604862 113
299617529 114
299621755 115
299626157 116
299954300 117
324721026 118
324725187 119
325743813 120
325839288 121
325839302 122
326253554 123
326474963 124
326530038 125
326817334 126
326884223 127
326884331 128
326888433 129
326888609 130
326888627 131
326888675 132
326892322 133
327587644 134
327588225 135
327588446 136
327881747 137
327933008 138
327933027 139
327933061 140
327937506 141
328010530 142
328244591 143
328265389 144
328270395 145
328274638 146
328278449 147
328291093 148
328417092 149
328533761 150
328538408 151
328601956 152
328611004 153
328611654 154
328632707 155
328935472 156
328939480 157
328943204 158
328948348 159
328952123 160
329225149 161
329301513 162
329301762 163
329566174 164
329566197 165
329578247 166
329638509 167
329646990 168
329732855 169
329897255 170
329970706 171
329978745 172
329983926 173
329988112 174
330260421 175
330268940 176
330316013 177
330319983 178
330320065 179
330415332 180
330640044 181
330661529 182
330661573 183
330661786 184
330678844 185
330998090 186
331006655 187
331343089 188
331662710 189
355077858 190
355086967 191
356429209 192
356818551 193
356878521 194
356909006 195
356913605 196
357224041 197
357250005 198
357250238 199
357573154 200
357581846 201
357581860 202
357581939 203
357599074 204
357940977 205
357945155 206
358264919 207
358286194 208
358613806 209
358639742 210
358725902 211
358847551 212
358890923 213
359292188 214
359317340 215
359744514 216
359926787 217
359931311 218
360138182 219
360254108 220
360263797 221
360284300 222
360310976 223
360349882 224
360474485 225
360591860 226
360673271 227
360677632 228
360690414 229
360759031 230
360773196 231
361005850 232
361031397 233
361040812 234
361114148 235
361264970 236
361273559 237
361312808 238
361341837 239
361363973 240
361364000 241
361376643 242
361445621 243
361636071 244
361700223 245
361700674 246
361704572 247
361722354 248
361825416 249
362019898 250
362041442 251
362045855 252
362299997 253
362369976 254
362395402 255
362715189 256
362862047 257
364156501 258
386833850 259
386877197 260
387227028 261
387568523 262
387939267 263
387952104 264
388267095 265
388280297 266
388280322 267
388280529 268
388280541 269
388280610 270
388638672 271
388954086 272
388975834 273
389311717 274
389657555 275
389661909 276
389808550 277
390003153 278
390280026 279
390330983 280
390331214 281
390331583 282
390344260 283
390352384 284
390361224 285
390473497 286
390486371 287
390590450 288
390641835 289
391016873 290
391021712 291
391034580 292
391496898 293
391610069 294
391971839 295
392057736 296
392179333 297
392389970 298
392399005 299
392411222 300
392645419 301
392757094 302
392821837 303
393063351 304
393171256 305
393210919 306
393404592 307
393499533 308
393766777 309
393776005 310
393883499 311
394095053 312
416876055 313
417221397 314
417558532 315
417834021 316
417908800 317
418175238 318
418261858 319
418503161 320
418516266 321
418516470 322
418607079 323
418607477 324
418641700 325
418969927 326
418970095 327
418970154 328
418987009 329
419345606 330
420010739 331
420325753 332
420351087 333
420351828 334
420386244 335
420586101 336
420688062 337
420688241 338
420688294 339
420696828 340
420723066 341
421033734 342
421041565 343
421054850 344
421068062 345
421314273 346
421405157 347
421815053 348
422052346 349
422056477 350
422056521 351
422388958 352
422419397 353
422622063 354
422738252 355
422742649 356
422751191 357
423096449 358
423096943 359
423101189 360
423105632 361
423748579 362
423749262 363
423766084 364
423770604 365
423792217 366
424193116 367
424193645 368
424250610 369
424434994 370
424443911 371
424452682 372
424792976 373
424793122 374
424918786 375
425104178 376
425143700 377
425148091 378
425462513 379
425471220 380
447599745 381
447872055 382
448204394 383
448342846 384
448536695 385
448869118 386
449205588 387
449205611 388
449209971 389
449218986 390
449244969 391
449288517 392
449296930 393
449685778 394
450004974 395
450005014 396
450034902 397
450354788 398
450971893 399
451049385 400
451054039 401
451365099 402
451390676 403
451662040 404
451722668 405
451995306 406
451995734 407
452103083 408
452162916 409
452210677 410
452336897 411
452340995 412
452401052 413
452401246 414
452552124 415
452689494 416
452742028 417
452771533 418
452841283 419
452883920 420
453087379 421
453108601 422
453130054 423
453423834 424
453436589 425
453457927 426
453522986 427
453527730 428
453536107 429
453536432 430
453868924 431
454089465 432
454136171 433
454477603 434
454481372 435
454787848 436
454792422 437
454822542 438
454822714 439
454896445 440
454939928 441
455133591 442
455154890 443
455155337 444
455159380 445
455172836 446
455229034 447
455232361 448
455483094 449
455500416 450
455578166 451
455815977 452
455819680 453
455820184 454
456156825 455
456174330 456
456187010 457
456523994 458
456833888 459
456846996 460
456847100 461
457175171 462
457520516 463
478591447 464
479260891 465
479637825 466
479908320 467
480029788 468
480258208 469
480328501 470
480387478 471
480521586 472
480664837 473
480681197 474
480987689 475
481034861 476
481035392 477
481070027 478
481190355 479
481191030 480
481359062 481
481371769 482
481390070 483
481406868 484
481427934 485
481731074 486
481747302 487
482002172 488
482417237 489
482732443 490
482861459 491
483017681 492
483099193 493
483720758 494
483797945 495
484126552 496
484130600 497
484134987 498
484147730 499
484355328 500
484368420 501
484554412 502
484735637 503
484821546 504
484825371 505
484829654 506
484890037 507
484903253 508
484911881 509
484911954 510
484942773 511
485132675 512
485171425 513
485231414 514
485249150 515
485511772 516
485585976 517
485589846 518
485628489 519
485745069 520
485934965 521
485970020 522
486194398 523
486315287 524
486496648 525
486518323 526
486544396 527
486812022 528
486842208 529
486876782 530
486880919 531
486932201 532
486994024 533
487144598 534
487187476 535
487191620 536
487217638 537
487286529 538
487523851 539
487541595 540
487623053 541
487623337 542
487882168 543
487882906 544
487899426 545
487899562 546
487925037 547
487925063 548
487968933 549
488231898 550
488231939 551
488559952 552
488572496 553
488581156 554
488922181 555
488931037 556
489375496 557
508689623 558
509924185 559
509928946 560
509945954 561
510049477 562
510278421 563
510278853 564
510676580 565
510680365 566
510987433 567
511025402 568
511271574 569
511349908 570
511353266 571
511660697 572
511685969 573
511772101 574
512014262 575
512411244 576
512441111 577
512441442 578
512765816 579
512782759 580
512787296 581
513344531 582
513668146 583
514043443 584
514068564 585
514116545 586
514474716 587
514474879 588
514475106 589
514613165 590
514708179 591
514807275 592
514816333 593
514842241 594
514850616 595
515092013 596
515152792 597
515524209 598
515588291 599
515869245 600
515947324 601
516163285 602
516214576 603
516283789 604
516287961 605
516288120 606
516288489 607
516551382 608
516780722 609
516844782 610
516857964 611
516875221 612
516965856 613
517207902 614
517242832 615
517280671 616
517506265 617
517514142 618
517587356 619
517838657 620
517838849 621
517872280 622
517885151 623
517902689 624
517910959 625
517911104 626
517916020 627
518183562 628
518217691 629
518269350 630
518329528 631
518558825 632
518598175 633
518666806 634
518670779 635
518861029 636
518899665 637
518930199 638
518930220 639
519004170 640
519012059 641
519046655 642
519262429 643
519279166 644
519354028 645
519591210 646
519616809 647
519620935 648
519694628 649
519949044 650
520380132 651
520617773 652
540972196 653
541011631 654
541192496 655
541347811 656
541697718 657
541723810 658
542376096 659
542410481 660
542691005 661
542699260 662
543023799 663
543049093 664
543062097 665
543092817 666
543135607 667
543238468 668
543256347 669
543433461 670
543441466 671
543821838 672
544037996 673
544038123 674
544107243 675
544107335 676
544158940 677
544262349 678
544265891 679
544265926 680
544270890 681
544611593 682
544620289 683
544637659 684
544706811 685
544931723 686
545444996 687
545501062 688
545510060 689
545625900 690
545635037 691
545872467 692
545903200 693
545906392 694
545962614 695
545966857 696
545971196 697
545971748 698
545975516 699
546196205 700
546217818 701
546287086 702
546303917 703
546308189 704
546312597 705
546316427 706
546325197 707
546507208 708
546559025 709
546641039 710
546661830 711
546661879 712
546661881 713
546661963 714
546765551 715
546989945 716
547002880 717
547158593 718
547227734 719
547240545 720
547258283 721
547310321 722
547331291 723
547343857 724
547344214 725
547551580 726
547552266 727
547565159 728
547680689 729
547681002 730
547927681 731
548025953 732
548031014 733
548203966 734
548225503 735
548367306 736
548367416 737
548367581 738
548570973 739
548571023 740
548575149 741
548678665 742
548691397 743
548708363 744
548712377 745
548718226 746
548722538 747
548907426 748
548993536 749
549032154 750
549161688 751
549175510 752
549219101 753
549252548 754
549257678 755
549261610 756
549269622 757
549282467 758
549347735 759
549364820 760
549364902 761
549377612 762
549382144 763
549597974 764
549610772 765
549611256 766
549701100 767
549714149 768
549718224 769
549722579 770
549731284 771
549943673 772
550059489 773
550063565 774
550063806 775
550068041 776
550068399 777
550076798 778
550081317 779
550081666 780
550275952 781
550275987 782
550280614 783
550297695 784
550301858 785
550319575 786
550322829 787
550400302 788
550404663 789
550413337 790
550422109 791
550422384 792
550426732 793
550617370 794
550621853 795
550638250 796
550655668 797
550655959 798
550720698 799
550745787 800
550750102 801
550962648 802
550988122 803
551004984 804
551043841 805
551303686 806
551341782 807
551410783 808
551751981 809
551760443 810
551989415 811
571666434 812
573337611 813
573402255 814
573670049 815
573683438 816
574420970 817
574511458 818
574515806 819
574732075 820
574736017 821
574965048 822
574973454 823
575197482 824
575301459 825
575323308 826
575426742 827
575768294 828
575988538 829
576082257 830
576208238 831
576475847 832
576502536 833
576566223 834
576566287 835
576566621 836
576574889 837
576683512 838
576825965 839
576898212 840
577002771 841
577244511 842
577330676 843
577369038 844
577373434 845
577554935 846
577697202 847
577702398 848
577709776 849
577720000 850
578254032 851
578284233 852
578556621 853
578621125 854
578893446 855
578919867 856
578936675 857
579194975 858
579230376 859
579234980 860
579239039 861
579268807 862
579420623 863
579425252 864
579536041 865
579575594 866
579596940 867
579648510 868
579700707 869
579912201 870
579946370 871
579963818 872
580071186 873
580287695 874
580288167 875
580300616 876
580317662 877
580662960 878
580667978 879
580732172 880
580732377 881
580736843 882
580745387 883
580780309 884
581004609 885
581064707 886
581099105 887
581332573 888
581336531 889
581358486 890
581405615 891
581409749 892
581432310 893
581436615 894
581440626 895
581678043 896
581746661 897
581754996 898
581790318 899
582027783 900
582101022 901
582101205 902
582372162 903
582381047 904
582381054 905
582473145 906
582696254 907
582700300 908
582709537 909
583015749 910
583132200 911
602071049 912
602368546 913
602476655 914
603068370 915
603167111 916
603444300 917
603482385 918
604070433 919
604194925 920
604195063 921
604195247 922
604289581 923
604709727 924
604856102 925
604864322 926
604864392 927
604976663 928
604989814 929
605006733 930
605166418 931
605550395 932
605554875 933
605662705 934
605999323 935
606193500 936
606340818 937
606461310 938
606703149 939
607195856 940
607221569 941
607251100 942
607273128 943
607273339 944
607592906 945
607597135 946
607692113 947
607700797 948
607894716 949
607925257 950
607929192 951
607933758 952
607938091 953
607955261 954
608042044 955
608261812 956
608278754 957
608283432 958
608301148 959
608369629 960
608602824 961
608628936 962
608754263 963
608926849 964
608948356 965
609052312 966
609310926 967
609587511 968
609587594 969
609591640 970
609591758 971
609591823 972
609591880 973
609591891 974
609591989 975
609655670 976
609656444 977
609660480 978
609773847 979
609893831 980
609975449 981
609979769 982
609992451 983
609993550 984
609997539 985
610018976 986
610113424 987
610299911 988
610312734 989
610321430 990
610321522 991
610338229 992
610342229 993
610351307 994
610368283 995
610601810 996
610666582 997
610731053 998
610762153 999
610981555 1000
610981584 1001
611015907 1002
611016455 1003
611020135 1004
611029037 1005
611037750 1006
611089775 1007
611262552 1008
611323310 1009
611340150 1010
611352588 1011
611357256 1012
611361002 1013
611361058 1014
611365952 1015
611452437 1016
611629428 1017
611663250 1018
611693656 1019
611694145 1020
611728142 1021
611776075 1022
611810783 1023
612004584 1024
612034653 1025
612138999 1026
612307129 1027
612336669 1028
612367371 1029
612371421 1030
612414168 1031
612643681 1032
612703762 1033
612712334 1034
612742137 1035
612742165 1036
612742224 1037
612742229 1038
612742248 1039
612742298 1040
612742316 1041
612746557 1042
612746670 1043
612755343 1044
613040803 1045
613044611 1046
613066879 1047
613079053 1048
613083298 1049
613083317 1050
613083359 1051
613083375 1052
613126471 1053
613175370 1054
613179816 1055
613338546 1056
613386220 1057
613394707 1058
613420343 1059
613480833 1060
613835914 1061
614081109 1062
614081151 1063
614172073 1064
614175857 1065
634879889 1066
635541640 1067
635674180 1068
635860358 1069
635878327 1070
635890732 1071
635895000 1072
635908014 1073
636236092 1074
636344136 1075
636356423 1076
636594376 1077
636667489 1078
636944318 1079
637224582 1080
637540087 1081
637621553 1082
638040562 1083
638312678 1084
638394209 1085
638748929 1086
638964662 1087
638985608 1088
639008013 1089
639050664 1090
639063702 1091
639275368 1092
639405054 1093
639585968 1094
639655378 1095
639659397 1096
639957655 1097
639974538 1098
639995972 1099
640104852 1100
640276971 1101
640596169 1102
640617445 1103
640665331 1104
640691030 1105
640691209 1106
640755994 1107
640963528 1108
641373426 1109
641688553 1110
641709938 1111
641714522 1112
642365841 1113
642378701 1114
642387775 1115
642387793 1116
642504699 1117
642509080 1118
642651049 1119
642660081 1120
642664141 1121
642693620 1122
642694410 1123
642702809 1124
642715622 1125
642720054 1126
642720190 1127
642723975 1128
642724189 1129
642732835 1130
642763374 1131
642846335 1132
642979697 1133
643005055 1134
643052767 1135
643060819 1136
643073880 1137
643142863 1138
643152220 1139
643156727 1140
643329030 1141
643350227 1142
643376222 1143
643389529 1144
643393688 1145
643398197 1146
643401816 1147
643402037 1148
643475630 1149
643488175 1150
643502004 1151
643502099 1152
643502135 1153
643679015 1154
643691163 1155
643721915 1156
643739027 1157
643743142 1158
643760681 1159
643773259 1160
643794320 1161
643847447 1162
643859327 1163
644083764 1164
644113913 1165
644118254 1166
644148539 1167
644148561 1168
644148661 1169
644148705 1170
644161860 1171
644196793 1172
644378240 1173
644417091 1174
644421171 1175
644425543 1176
644433538 1177
644450565 1178
644450686 1179
644529212 1180
644757911 1181
644761952 1182
644788121 1183
645086558 1184
645111897 1185
645224664 1186
645228729 1187
645449236 1188
645456880 1189
665479890 1190
665556968 1191
665897487 1192
666200256 1193
666575508 1194
666994301 1195
667266529 1196
667271225 1197
667279709 1198
667615836 1199
668065234 1200
668285416 1201
668384542 1202
668742424 1203
668967527 1204
669075559 1205
669088684 1206
669325882 1207
669421910 1208
669433549 1209
669649730 1210
669649736 1211
669666822 1212
669670654 1213
669744300 1214
669965108 1215
669977676 1216
669978138 1217
670020922 1218
670024927 1219
670089878 1220
670353202 1221
670353384 1222
670357457 1223
670370239 1224
670431030 1225
670435003 1226
670435566 1227
670651346 1228
670703141 1229
670772147 1230
670776253 1231
670810688 1232
670883838 1233
671035328 1234
671234167 1235
671393987 1236
671449467 1237
671657343 1238
671660941 1239
671756253 1240
672002621 1241
672041363 1242
672192070 1243
672407642 1244
672429275 1245
672490308 1246
672491097 1247
672494647 1248
672598344 1249
672697926 1250
672723441 1251
672809472 1252
672835284 1253
672840346 1254
673047760 1255
673068602 1256
673072855 1257
673073015 1258
673085197 1259
673085574 1260
673090000 1261
673158826 1262
673405506 1263
673413730 1264
673426911 1265
673426956 1266
673435566 1267
673509195 1268
673513680 1269
673518025 1270
673702721 1271
673741976 1272
673746277 1273
673746538 1274
673755123 1275
673758836 1276
673763861 1277
673772212 1278
673772244 1279
673772290 1280
673776769 1281
673841414 1282
673845326 1283
673863199 1284
674069555 1285
674096140 1286
674108632 1287
674108802 1288
674186774 1289
674195925 1290
674200163 1291
674423996 1292
674427795 1293
674446014 1294
674532291 1295
674541239 1296
674554589 1297
674558711 1298
674760695 1299
674760884 1300
674781866 1301
674807824 1302
674882237 1303
674882250 1304
674882302 1305
674886219 1306
674886247 1307
674886426 1308
675119034 1309
675127699 1310
675127915 1311
675136878 1312
675144908 1313
675144948 1314
675153151 1315
675166212 1316
675187509 1317
675187531 1318
675187558 1319
675187572 1320
675187643 1321
675227374 1322
675245573 1323
675447609 1324
675455751 1325
675490204 1326
675490252 1327
675528661 1328
675567895 1329
675568335 1330
675577297 1331
675767414 1332
675779986 1333
675800901 1334
675809900 1335
675822559 1336
675822802 1337
675835107 1338
675887521 1339
675913699 1340
676133767 1341
676138357 1342
676263706 1343
676479156 1344
676479217 1345
676824431 1346
695469100 1347
695500178 1348
696950427 1349
697265869 1350
697269889 1351
697316795 1352
698224251 1353
698314499 1354
698443880 1355
698646654 1356
698742094 1357
698979607 1358
698996246 1359
699031185 1360
699178922 1361
699358695 1362
699363923 1363
699687305 1364
699695617 1365
699752330 1366
699998408 1367
700037217 1368
700356592 1369
700377995 1370
700472947 1371
700481649 1372
700486220 1373
700658962 1374
700792608 1375
700801298 1376
700805759 1377
700982749 1378
701147064 1379
701151126 1380
701345660 1381
701371011 1382
701383309 1383
701469455 1384
701470006 1385
701733434 1386
701742479 1387
701815778 1388
702069970 1389
702079023 1390
702079135 1391
702152113 1392
702493502 1393
702506641 1394
702511002 1395
702730227 1396
702760942 1397
702843399 1398
702843625 1399
702882168 1400
703050435 1401
703059097 1402
703101952 1403
703106626 1404
703179782 1405
703179848 1406
703196977 1407
703387200 1408
703438567 1409
703702863 1410
703740639 1411
703857506 1412
703857634 1413
703857647 1414
703865775 1415
703866010 1416
703866312 1417
703900244 1418
704078253 1419
704111734 1420
704116248 1421
704453006 1422
704466265 1423
704526371 1424
704543953 1425
704548262 1426
704548608 1427
704552421 1428
704785058 1429
704785256 1430
704785546 1431
704798196 1432
704816317 1433
704880200 1434
705118017 1435
705139000 1436
705217250 1437
705225742 1438
705229969 1439
705234668 1440
705243748 1441
705454177 1442
705462899 1443
705463175 1444
705463539 1445
705471952 1446
705554290 1447
705558104 1448
705571469 1449
705787638 1450
705795727 1451
705816818 1452
705921032 1453
705925937 1454
705934237 1455
706176085 1456
706279208 1457
706283812 1458
706451920 1459
706473389 1460
706508078 1461
706520453 1462
706590422 1463
706602555 1464
706607701 1465
706862579 1466
706935923 1467
706948318 1468
706948943 1469
706952287 1470
706952549 1471
706965816 1472
707190304 1473
707303341 1474
707539688 1475
707626940 1476
707837502 1477
707854620 1478
707854989 1479
707858790 1480
707863263 1481
708187441 1482
708208811 1483
708545526 1484
725701350 1485
727260872 1486
727276708 1487
727929407 1488
727968539 1489
728625156 1490
728667734 1491
728974338 1492
728995438 1493
729007988 1494
729358056 1495
729677428 1496
729698667 1497
729811378 1498
729867599 1499
729997357 1500
730006122 1501
730013818 1502
730131007 1503
730147972 1504
730165570 1505
730398148 1506
730398229 1507
730454511 1508
730497472 1509
730692294 1510
730709173 1511
730717696 1512
730721558 1513
730730860 1514
730843416 1515
730843612 1516
731062953 1517
731140809 1518
731145160 1519
731357364 1520
731434251 1521
731482010 1522
731494823 1523
731524779 1524
731525563 1525
731689147 1526
732034854 1527
732077752 1528
732086360 1529
732159588 1530
732163357 1531
732431788 1532
732487987 1533
732777416 1534
732885054 1535
733182574 1536
733192083 1537
733203990 1538
733399215 1539
733458828 1540
733796382 1541
733873838 1542
734088804 1543
734132592 1544
734327429 1545
734408687 1546
734473582 1547
734547253 1548
734599550 1549
734754585 1550
734814622 1551
734892616 1552
734901302 1553
735134301 1554
735488299 1555
735569882 1556
735582897 1557
735772860 1558
735941254 1559
735941543 1560
736109737 1561
736140238 1562
736157288 1563
736174181 1564
736286550 1565
736291275 1566
736433303 1567
736502411 1568
736507123 1569
736615092 1570
736627575 1571
736791573 1572
736830579 1573
736860990 1574
736942972 1575
736951485 1576
737189212 1577
737486877 1578
737491049 1579
737491087 1580
737512824 1581
737646604 1582
737824168 1583
737832306 1584
737892940 1585
737970549 1586
738989372 1587
739006671 1588
739213376 1589
739256609 1590
739567785 1591
739572008 1592
739917109 1593
757538997 1594
758296423 1595
758674661 1596
758955666 1597
758977730 1598
758990648 1599
759667315 1600
759681018 1601
760268555 1602
760397191 1603
760397222 1604
760487313 1605
760690116 1606
760733648 1607
760733959 1608
760798618 1609
760806798 1610
760821030 1611
760828908 1612
761040902 1613
761044410 1614
761096077 1615
761165432 1616
761182838 1617
761489398 1618
761537199 1619
761843188 1620
762037782 1621
762058745 1622
762111368 1623
762171741 1624
762184774 1625
762210257 1626
762274975 1627
762525980 1628
762526201 1629
762534597 1630
762857726 1631
762857949 1632
762871258 1633
763086729 1634
763116783 1635
763116811 1636
763186493 1637
763544185 1638
763863652 1639
763889196 1640
763890535 1641
764144161 1642
764148834 1643
764153172 1644
764222141 1645
764412104 1646
764817903 1647
765245188 1648
765271846 1649
765504308 1650
765590602 1651
765611896 1652
765823131 1653
765931172 1654
766126400 1655
766186252 1656
766255970 1657
766385551 1658
766505428 1659
766653726 1660
766657850 1661
766863785 1662
766864238 1663
766958676 1664
766963432 1665
766972501 1666
766972529 1667
766994128 1668
767313151 1669
767317361 1670
767317461 1671
767321428 1672
767329844 1673
767455273 1674
767473384 1675
767541763 1676
767615925 1677
767641269 1678
767903933 1679
767904550 1680
767982148 1681
767995425 1682
768253675 1683
768336083 1684
768349342 1685
768590452 1686
768932330 1687
769000618 1688
769022355 1689
769039951 1690
769199010 1691
769263962 1692
769268002 1693
769355285 1694
769377106 1695
769670101 1696
769924974 1697
770249286 1698
789130596 1699
789398359 1700
789726348 1701
790405385 1702
790417325 1703
790417660 1704
790520994 1705
790641825 1706
790741191 1707
790741674 1708
790982851 1709
791043906 1710
791384849 1711
791406204 1712
791427589 1713
791457874 1714
791527493 1715
792062042 1716
792450754 1717
792515974 1718
792692885 1719
792908892 1720
793128475 1721
793590678 1722
793728667 1723
793797279 1724
793892682 1725
794088227 1726
794225197 1727
794256078 1728
794406234 1729
794462286 1730
794466376 1731
794919689 1732
795187525 1733
795641312 1734
795814655 1735
795826923 1736
795982766 1737
796193592 1738
796210710 1739
796232909 1740
796301840 1741
796393522 1742
796543393 1743
796755936 1744
796889169 1745
796992363 1746
797194962 1747
797277919 1748
797281464 1749
797545148 1750
797558130 1751
797562316 1752
797644437 1753
797661937 1754
797981213 1755
797989902 1756
798002859 1757
798322393 1758
798352235 1759
798849134 1760
798939240 1761
799263200 1762
799521639 1763
799586652 1764
799868224 1765
799945378 1766
800212579 1767
800212976 1768
800233950 1769
800238269 1770
800303089 1771
800373114 1772
800588608 1773
800618162 1774
800622401 1775
800704780 1776
800925392 1777
800937779 1778
800964211 1779
801068349 1780
801257348 1781
801279493 1782
801283077 1783
819725372 1784
821418392 1785
821444004 1786
821686394 1787
821703262 1788
821728921 1789
821729208 1790
821729349 1791
821729374 1792
821780859 1793
822078542 1794
822376419 1795
822380754 1796
822428009 1797
822461999 1798
822505389 1799
822531203 1800
822531456 1801
822907387 1802
823015627 1803
823058891 1804
823209397 1805
823852745 1806
823879266 1807
823913632 1808
824115747 1809
824128501 1810
824275830 1811
824349873 1812
824436554 1813
824457714 1814
824470535 1815
825489724 1816
825618641 1817
825821898 1818
825822254 1819
825989433 1820
826136822 1821
826615735 1822
826844892 1823
826957102 1824
827016935 1825
827198933 1826
827323331 1827
827889434 1828
827889523 1829
827893839 1830
827911067 1831
828027702 1832
828282250 1833
828316734 1834
828597380 1835
828683848 1836
828934059 1837
829050526 1838
829261936 1839
829279239 1840
829542849 1841
829636950 1842
829693574 1843
829697614 1844
830034406 1845
830634936 1846
831057494 1847
831295271 1848
831321033 1849
831325065 1850
831451599 1851
832016427 1852
832107249 1853
832111288 1854
832357089 1855
832646151 1856
833043564 1857
851110676 1858
851114700 1859
852422640 1860
852479643 1861
852763122 1862
853173648 1863
853437941 1864
853514696 1865
854883067 1866
854953009 1867
855147657 1868
855493136 1869
855630800 1870
855638407 1871
857235574 1872
857538779 1873
858587718 1874
858604252 1875
858604499 1876
858730688 1877
858906840 1878
858907062 1879
858928511 1880
858933153 1881
859265651 1882
859269976 1883
859381489 1884
859554255 1885
859714144 1886
859736554 1887
859977121 1888
860305498 1889
860395984 1890
861005020 1891
861065482 1892
861073717 1893
861251038 1894
861251942 1895
861583205 1896
861665641 1897
862010850 1898
862036858 1899
862278897 1900
862671913 1901
862697175 1902
862722715 1903
862787861 1904
863460836 1905
863698974 1906
863711565 1907
863815503 1908
864073833 1909
881220948 1910
882239837 1911
882580620 1912
882922539 1913
883121695 1914
883177120 1915
884123412 1916
884269218 1917
884484964 1918
884636075 1919
884921013 1920
885253534 1921
885257938 1922
885262090 1923
885262118 1924
885262311 1925
885603106 1926
886328403 1927
887230673 1928
887588829 1929
887640858 1930
887921032 1931
888146447 1932
888577071 1933
889863729 1934
889975909 1935
890287086 1936
890425079 1937
890619489 1938
890671753 1939
891663788 1940
891771553 1941
892109219 1942
892376241 1943
892376440 1944
892376720 1945
892385258 1946
892398461 1947
892722090 1948
892997744 1949
893338771 1950
893460787 1951
893490555 1952
893723183 1953
893741163 1954
893754136 1955
894020730 1956
894168625 1957
894172798 1958
894362173 1959
894380152 1960
894422413 1961
894500674 1962
894551935 1963
894702888 1964
894707517 1965
894724798 1966
895091952 1967
895441451 1968
911569552 1969
912583959 1970
912951014 1971
913681721 1972
913810052 1973
914298735 1974
914466864 1975
914665176 1976
914778159 1977
914850280 1978
915188031 1979
915273417 1980
915299337 1981
915503330 1982
915520244 1983
915605802 1984
915605943 1985
915610561 1986
915615021 1987
915623395 1988
915627746 1989
915946994 1990
915960293 1991
915960391 1992
915964748 1993
915981352 1994
916296860 1995
916456567 1996
916655865 1997
917727045 1998
917919724 1999
919168397 2000
919448450 2001
919624822 2002
919763043 2003
920108605 2004
920869856 2005
920873167 2006
920951427 2007
920994194 2008
921015773 2009
921438848 2010
921667198 2011
921684387 2012
921814579 2013
922012309 2014
922069357 2015
922146751 2016
922302296 2017
922595498 2018
922815552 2019
922992588 2020
923415956 2021
923761285 2022
924049792 2023
924429714 2024
924737391 2025
924788221 2026
925241334 2027
925465972 2028
925548084 2029
925799233 2030
925811326 2031
926490072 2032
926584037 2033
940791248 2034
945894581 2035
946300206 2036
946300310 2037
946619892 2038
946990515 2039
947573616 2040
947582284 2041
947681574 2042
947685488 2043
947685653 2044
947858895 2045
947898091 2046
948260484 2047
948851462 2048
951645198 2049
951670988 2050
951808062 2051
952374245 2052
952525648 2053
952723817 2054
952724101 2055
953013850 2056
953039761 2057
953410147 2058
953414780 2059
953755666 2060
953764033 2061
953855039 2062
955464899 2063
955888209 2064
956518968 2065
956820684 2066
958197533 2067
975197713 2068
976934253 2069
976964834 2070
977002744 2071
977006924 2072
977335062 2073
977338882 2074
977339122 2075
977339225 2076
977339390 2077
977352235 2078
977413163 2079
977598865 2080
978068779 2081
978366493 2082
978681977 2083
978971398 2084
979052812 2085
980978890 2086
980982986 2087
981000564 2088
982389963 2089
982540894 2090
983063787 2091
983067799 2092
983093876 2093
983202377 2094
983426636 2095
983430664 2096
983767417 2097
983767602 2098
983771898 2099
983905050 2100
984536209 2101
984799284 2102
985805061 2103
985822469 2104
986089634 2105
986621628 2106
986828383 2107
986974738 2108
987117151 2109
987273073 2110
987877232 2111
988269593 2112
988567837 2113
988909130 2114
989228019 2115
1003215282 2116
1005952640 2117
1007640554 2118
1007735501 2119
1008024276 2120
1008102479 2121
1008378448 2122
1008378609 2123
1008391068 2124
1008680614 2125
1008693462 2126
1008693605 2127
1009095570 2128
1009371535 2129
1009578838 2130
1010235132 2131
1010338583 2132
1010437434 2133
1011068028 2134
1011611587 2135
1011970102 2136
1011996877 2137
1013066710 2138
1013416147 2139
1013636956 2140
1013757060 2141
1014107332 2142
1014461486 2143
1014465452 2144
1014474192 2145
1014802430 2146
1015143077 2147
1015458774 2148
1015479949 2149
1015570297 2150
1016506999 2151
1016839809 2152
1017547830 2153
1017880794 2154
1019607245 2155
1020280792 2156
1020608279 2157
1035393986 2158
1036257907 2159
1036503560 2160
1036637638 2161
1036637830 2162
1036646944 2163
1036987921 2164
1037979778 2165
1039063931 2166
1039068185 2167
1039076835 2168
1039080957 2169
1039335355 2170
1039400642 2171
1039685005 2172
1040328771 2173
1041071176 2174
1041666949 2175
1042366365 2176
1042724993 2177
1043066007 2178
1043842362 2179
1044805646 2180
1044918145 2181
1045141938 2182
1045262699 2183
1045268099 2184
1046506683 2185
1047887562 2186
1048172314 2187
1048250312 2188
1048289014 2189
1048975307 2190
1049247113 2191
1049261193 2192
1049946735 2193
1050249353 2194
1050266721 2195
1050581215 2196
1050922195 2197
1050935614 2198
1051311534 2199
1051980223 2200
1065284812 2201
1066516552 2202
1068436695 2203
1068777508 2204
1069002537 2205
1069809216 2206
1070102614 2207
1070103331 2208
1070141508 2209
1070422316 2210
1070651567 2211
1070797450 2212
1071121755 2213
1071183464 2214
1071496918 2215
1071519343 2216
1071760480 2217
1072063538 2218
1072507501 2219
1072533704 2220
1072779298 2221
1073069488 2222
1073314797 2223
1075598224 2224
1075611602 2225
1075827302 2226
1076168044 2227
1076173414 2228
1076185604 2229
1076285102 2230
1076841388 2231
1081957306 2232
1099022750 2233
1099043553 2234
1099255933 2235
1099389583 2236
1099397913 2237
1100381898 2238
1100801188 2239
1101474458 2240
1101487727 2241
1102191395 2242
1102514975 2243
1104155212 2244
1104790425 2245
1106888382 2246
1107561814 2247
1108222244 2248
1109599486 2249
1109957857 2250
1110307501 2251
1111753990 2252
1111757266 2253
1112431072 2254
1112436285 2255
1112443807 2256
1113371822 2257
1130152325 2258
1130783454 2259
1131827390 2260
1131827565 2261
1131831990 2262
1131836229 2263
1132168481 2264
1132168616 2265
1132168736 2266
1132406255 2267
1132526832 2268
1132530992 2269
1134140939 2270
1134482718 2271
1134849005 2272
1134849078 2273
1135941581 2274
1136752885 2275
1136852717 2276
1137590955 2277
1138026774 2278
1138212774 2279
1138579549 2280
1138587910 2281
1138915459 2282
1139909038 2283
1140655376 2284
1140655624 2285
1140923511 2286
1141324564 2287
1141329227 2288
1141350537 2289
1142356576 2290
1143167974 2291
1143807196 2292
1144761556 2293
1158402729 2294
1158691908 2295
1160073701 2296
1161459105 2297
1162534149 2298
1162862710 2299
1162871168 2300
1163199311 2301
1163898298 2302
1164545788 2303
1164882751 2304
1165305889 2305
1166674437 2306
1168283924 2307
1168603800 2308
1168915489 2309
1170352367 2310
1170404875 2311
1170645699 2312
1171431567 2313
1171690432 2314
1171690479 2315
1172031461 2316
1173029301 2317
1173814525 2318
1175433492 2319
1191315642 2320
1192922295 2321
1193599804 2322
1193599901 2323
1195891557 2324
1195999722 2325
1196573432 2326
1196854070 2327
1199327859 2328
1200014419 2329
1200619473 2330
1201296549 2331
1202677966 2332
1204063702 2333
1204124270 2334
1204391417 2335
1205220831 2336
1220412108 2337
1220434040 2338
1222187110 2339
1223274640 2340
1223388206 2341
1223611056 2342
1223848354 2343
1224523027 2344
1224591253 2345
1224595273 2346
1224595608 2347
1224941044 2348
1225290240 2349
1225290633 2350
1226206190 2351
1226296238 2352
1230095228 2353
1231299343 2354
1232038141 2355
1233428010 2356
1233505806 2357
1233773217 2358
1234481054 2359
1237179690 2360
1252966452 2361
1254931127 2362
1255630284 2363
1257629175 2364
1259309269 2365
1260197431 2366
1260197510 2367
1260542968 2368
1260883995 2369
1262170241 2370
1262360335 2371
1263404948 2372
1263646693 2373
1264186300 2374
1266871604 2375
1283173461 2376
1283872218 2377
1284312505 2378
1289359184 2379
1291142212 2380
1291374677 2381
1292027772 2382
1293892027 2383
1294102958 2384
1295501882 2385
1300276335 2386
1313849992 2387
1316245799 2388
1317074822 2389
1320480289 2390
1323454861 2391
1324762843 2392
1325133618 2393
1325138101 2394
1325138112 2395
1325138116 2396
1325405571 2397
1325479712 2398
1330008281 2399
1331311183 2400
1343139850 2401
1345061120 2402
1345596879 2403
1351065769 2404
1353043462 2405
1356173442 2406
1362674294 2407
1374649768 2408
1378440243 2409
1387527359 2410
1387881882 2411
1388223120 2412
1407139453 2413
1407398468 2414
1415829386 2415
1417573898 2416
1418572258 2417
1418924735 2418
1419909152 2419
1439754917 2420
1444351896 2421
1446527869 2422
1448587188 2423
1448591766 2424
1448794542 2425
1448929584 2426
1449606569 2427
1449611593 2428
1450016008 2429
1455438367 2430
1465630554 2431
1470065021 2432
1471497788 2433
1479618250 2434
1479622707 2435
1480452227 2436
1480653743 2437
1481336075 2438
1481336455 2439
1481340761 2440
1501820626 2441
1502870544 2442
1503552296 2443
1504207129 2444
1506382974 2445
1509957347 2446
1510648834 2447
1511016097 2448
1512029563 2449
1512034076 2450
1512707390 2451
1533226802 2452
1533265020 2453
1533542078 2454
1534270924 2455
1534721340 2456
1535791554 2457
1543138040 2458
1543949467 2459
1565608898 2460
1570111396 2461
1570922129 2462
1571708235 2463
1597287219 2464
1598011458 2465
1600489166 2466
1605181883 2467
1605842920 2468
1628062270 2469
1628135911 2470
1629050586 2471
1629383757 2472
1632055020 2473
1633078450 2474
1633441295 2475
1637171546 2476
1666561406 2477
1669255212 2478
1671638278 2479
1671952694 2480
1688039474 2481
1696897255 2482
1716082078 2483
1718114551 2484
1719764109 2485
1720088459 2486
1722156238 2487
1723506321 2488
1728942250 2489
1733370882 2490
1748071079 2491
1748092323 2492
1752888162 2493
1754213254 2494
1757612027 2495
1785926866 2496
1785931916 2497
1787636059 2498
1791996293 2499
1811163357 2500
1812510378 2501
1812515382 2502
1814604278 2503
1816621089 2504
1817712927 2505
1820005073 2506
1822686129 2507
1843536369 2508
1844249219 2509
1875284107 2510
1875288631 2511
1877667406 2512
1879018709 2513
1879385017 2514
1882009576 2515
1906663903 2516
1906663957 2517
1910070652 2518
1914460817 2519
1916485259 2520
1933892078 2521
1942438892 2522
1942806972 2523
1943147567 2524
1970439129 2525
1997377784 2526
2035574498 2527
2065244716 2528
2067847820 2529
2096966671 2530
2187680237 2531
2188361989 2532
2216261919 2533
2282485535 2534
2283504379 2535
5812979948 2536
5812980079 2537
5812980103 2538
5812980109 2539
5812980142 2540
5812980147 2541
5812980326 2542
5812980467 2543
5812980470 2544
5812980473 2545
5812980494 2546
5812980514 2547
5812980520 2548
5812980529 2549
5812980658 2550
5812980666 2551
5812980732 2552
5812980743 2553
5812980884 2554
5812980916 2555
5812981016 2556
5812981228 2557
5812981237 2558
5812981240 2559
5812981381 2560
5812981506 2561
5812981517 2562
5812981791 2563
5812981822 2564
5812981840 2565
5812982052 2566
5812982295 2567
5812982324 2568
5812982711 2569
5812982779 2570
5812982885 2571
5812982936 2572
5812982959 2573
5812982960 2574
5812982984 2575
5812982994 2576
5812983110 2577
5812983128 2578
5812983240 2579
5812983258 2580
5812983538 2581
5812983636 2582
5812983825 2583
5812983831 2584
5812983878 2585
5812987034 2586
5812989469 2587
5812991668 2588
5812992893 2589
5812994710 2590
5812997319 2591
5813007108 2592
5813008934 2593
5813009358 2594
5813009445 2595
5813009578 2596
5813009595 2597
5813009620 2598
5813009650 2599
5813009653 2600
5813009766 2601
5813009946 2602
5813010251 2603
5813010265 2604
5813010748 2605
5813011067 2606
5813011074 2607
5813011125 2608
5813011166 2609
5813011286 2610
5813011298 2611
5813011320 2612
5813011407 2613
5813011443 2614
5813011471 2615
5813011483 2616
5813011486 2617
5813011493 2618
5813011660 2619
5813012136 2620
5813012193 2621
5813012231 2622
5813012243 2623
5813012492 2624
5813012555 2625
5813012619 2626
5813012786 2627
5813012950 2628
5813012995 2629
5813013202 2630
5813013342 2631
5813013547 2632
5813013630 2633
5813013652 2634
5813013653 2635
5813013843 2636
5813014032 2637
5813014242 2638
5813014258 2639
5813014341 2640
5813014391 2641
5813014640 2642
5813014693 2643
5813014771 2644
5813014793 2645
5813015068 2646
5813015124 2647
5813015327 2648
5813015408 2649
5813015594 2650
5813015711 2651
5813016625 2652
5813016900 2653
5813016958 2654
5813019513 2655
5813019517 2656
5813019526 2657
5813019560 2658
5813019568 2659
5813019588 2660
5813019607 2661
5813019681 2662
5813019732 2663
5813019833 2664
5813019850 2665
5813019908 2666
5813020284 2667
5813020382 2668
5813020388 2669
5813020673 2670
5813020676 2671
5813020684 2672
5813020696 2673
5813020751 2674
5813020785 2675
5813020800 2676
5813020803 2677
5813020817 2678
5813020840 2679
5813020850 2680
5813020855 2681
5813020857 2682
5813020988 2683
5813020993 2684
5813020996 2685
5813021005 2686
5813021046 2687
5813021122 2688
5813021192 2689
5813021223 2690
5813021225 2691
5813021235 2692
5813021238 2693
5813021247 2694
5813021498 2695
5813021564 2696
5813021566 2697
5813021574 2698
5813021602 2699
5813021899 2700
5813022026 2701
5813022160 2702
5813022163 2703
5813022182 2704
5813022192 2705
5813022199 2706
5813022257 2707
5813022259 2708
5813022337 2709
5813022339 2710
5813022343 2711
5813022370 2712
5813022375 2713
5813022424 2714
5813022429 2715
5813022459 2716
5813022507 2717
5813022538 2718
5813022567 2719
5813022591 2720
5813022759 2721
5813022814 2722
5813022896 2723
5813022915 2724
5813022923 2725
5813022976 2726
5813024852 2727
5813024933 2728
5813026037 2729
5813026589 2730
5813026592 2731
5813026613 2732
5813026656 2733
5813026661 2734
5813026703 2735
5813026705 2736
5813026745 2737
5813026785 2738
5813027016 2739
5813027592 2740
5813027737 2741
5813032485 2742
5813032709 2743
5813032847 2744
5813033000 2745
5813033033 2746
5813033215 2747
5813033324 2748
5813035694 2749
5813039860 2750
5813039906 2751
5813039910 2752
5813040123 2753
5813040133 2754
5813040190 2755
5813040712 2756
5813040766 2757
5813041149 2758
5813041161 2759
5813041169 2760
5813041177 2761
5813041237 2762
5813041304 2763
5813041684 2764
5813041707 2765
5813046185 2766
5813046951 2767
5813047425 2768
5813047448 2769
5813047739 2770
5813047763 2771
5813048127 2772
5813048745 2773
5813049102 2774
5813049378 2775
5813049380 2776
5813049481 2777
5813049907 2778
5813049946 2779
5813050455 2780
5813050772 2781
5813052909 2782
5813053688 2783
5813053712 2784
5813053851 2785
5813053860 2786
5813053891 2787
5813053923 2788
5813054079 2789
5813054659 2790
5813054853 2791
5813055298 2792
5813055709 2793
5813055749 2794
5813055759 2795
5813055768 2796
5813055769 2797
5813055800 2798
5813055817 2799
5813055913 2800
5813055949 2801
5813055999 2802
5813056041 2803
5813056054 2804
5813056057 2805
5813056062 2806
5813056071 2807
5813056101 2808
5813056257 2809
5813056261 2810
5813056423 2811
5813056881 2812
5813056887 2813
5813056917 2814
5813056944 2815
5813056979 2816
5813057162 2817
5813057245 2818
5813057461 2819
5813057464 2820
5813057738 2821
5813057859 2822
5813057861 2823
5813057864 2824
5813057933 2825
5813057973 2826
5813058008 2827
5813058048 2828
5813058050 2829
5813058222 2830
5813058258 2831
5813058272 2832
5813058319 2833
5813058320 2834
5813058333 2835
5813058342 2836
5813058350 2837
5813058376 2838
5813060068 2839
5813060697 2840
5813060701 2841
5813060768 2842
5813060993 2843
5813061024 2844
5813061112 2845
5813061114 2846
5813061260 2847
5813061262 2848
5813061538 2849
5813061879 2850
5813061901 2851
5813061974 2852
5813062552 2853
5813062686 2854
5813062838 2855
5813062858 2856
5813063093 2857
5813063137 2858
5813063587 2859
5813063829 2860
5813064332 2861
5813064828 2862
5813065004 2863
5813065519 2864
5813066377 2865
5813067732 2866
5813067963 2867
5813068453 2868
5813068484 2869
5813068575 2870
5813068748 2871
5813068769 2872
5813069072 2873
5813069497 2874
5813069512 2875
5813069630 2876
5813069683 2877
5813069859 2878
5813069977 2879
5813070070 2880
5813070569 2881
5813070991 2882
5813071068 2883
5813071078 2884
5813071257 2885
5813071348 2886
5813071370 2887
5813071475 2888
5813075619 2889
5813075692 2890
5813075748 2891
5813075806 2892
5813075875 2893
5813075932 2894
5813076043 2895
5813077469 2896
5813077488 2897
5813077569 2898
5813077929 2899
5813077945 2900
5813078068 2901
5813078074 2902
5813078487 2903
5813078557 2904
5813078571 2905
5813078621 2906
5813078641 2907
5813078739 2908
5813079192 2909
5813079193 2910
5813079288 2911
5813079417 2912
5813079425 2913
5813080768 2914
5813081474 2915
5813081849 2916
5813081864 2917
5813082239 2918
5813082722 2919
5813082780 2920
5813083316 2921
5813083733 2922
5813083779 2923
5813083780 2924
5813087817 2925
5813087837 2926
5813087848 2927
5813087891 2928
5813087991 2929
5813088360 2930
5813088412 2931
5813088458 2932
5813088525 2933
5813088939 2934
5813089157 2935
5813089487 2936
5813089869 2937
5813090556 2938
5813091577 2939
5813092319 2940
5813094560 2941
5813094811 2942
5813096198 2943
5813096638 2944
5813096699 2945
5813096913 2946
5813097020 2947
5813097634 2948
5813098223 2949
5813098374 2950
5813098776 2951
5813098975 2952
5813103626 2953
5813104563 2954
5813105726 2955
5813105778 2956
5813108129 2957
5813108247 2958
5813109064 2959
5813109327 2960
5813111272 2961
5813111989 2962
5813116551 2963
5813117385 2964
5813123042 2965
5813123584 2966
5813123585 2967
5813124162 2968
5813124939 2969
5813126031 2970
5813129271 2971
5813129453 2972
5813130028 2973
5813130366 2974
5813132515 2975
5813133463 2976
5813133506 2977
5813133917 2978
5813134052 2979
5813134055 2980
5813134294 2981
5901192948 2982
5901193720 2983
5901193890 2984
5901195945 2985
5901196159 2986
5901196319 2987
5901196628 2988
5901197108 2989
5901197274 2990
5901201909 2991
5901203505 2992
5901203987 2993
5901212906 2994
5901213440 2995
5901213624 2996
5901215966 2997
5901218930 2998
5901221584 2999
5901221890 3000
5901225197 3001
5901225755 3002
5901227238 3003
5901228218 3004
5901232053 3005
5901232546 3006
5901232690 3007
6400000773 3008
7112622044 3009
