75 411
164 1377
205 1607
138 639
22 82
82 365
113 475
98 461
72 421
123 335
296 1348
283 1826
407 5088
145 1235
197 1311
189 1376
43 100
97 358
198 1539
52 134
75 265
130 1089
79 254
135 689
225 1281
325 8401
334 3917
168 1189
164 1664
77 201
276 2309
51 197
99 313
134 874
215 958
158 618
209 1729
102 370
75 429
56 196
30 70
90 777
160 680
117 1084
73 525
96 295
137 527
191 1316
392 2915
104 780
99 640
419 3293
77 256
106 874
120 643
157 705
58 189
222 1042
125 814
44 197
151 724
410 2396
243 2499
215 1046
89 398
358 4021
118 490
120 623
167 759
123 446
130 600
196 1296
158 811
52 358
135 620
172 738
147 588
82 350
87 303
120 529
84 234
154 717
269 1753
103 363
184 754
172 805
209 876
60 139
130 430
168 969
314 2337
105 597
84 367
79 223
87 359
117 756
44 96
88 222
535 4250
82 313
57 143
91 245
282 3391
115 616
187 1113
92 397
61 212
126 591
119 749
86 223
98 420
65 287
133 477
137 439
104 339
145 485
122 365
110 326
149 428
106 382
44 130
145 513
124 311
220 1453
206 1176
151 582
135 747
161 642
87 385
80 150
152 608
188 671
45 80
103 348
104 375
106 369
90 287
150 1129
97 326
21 46
153 655
147 585
78 271
79 218
209 1586
70 302
125 331
119 1001
17 37
155 796
155 1012
193 705
151 896
104 309
93 305
113 373
120 346
100 283
173 894
101 269
152 686
35 115
219 916
165 816
192 1165
233 1427
79 163
87 334
138 494
161 577
173 643
138 343
225 1668
63 259
153 647
90 285
181 643
153 610
143 488
113 373
107 462
133 685
189 1228
48 161
43 93
214 3472
398 11270
123 424
104 259
118 561
152 943
36 70
47 122
113 312
105 426
132 970
115 506
127 434
143 589
111 548
155 729
153 501
54 184
117 488
138 620
118 530
96 339
209 804
147 368
134 562
124 519
888 8781
92 225
107 367
197 1236
35 101
159 917
136 418
44 65
112 353
170 978
126 436
110 291
113 587
85 277
173 853
117 284
65 200
134 369
125 1809
141 523
191 911
66 214
76 206
328 2676
100 624
66 180
213 1526
168 1152
77 245
192 1608
144 671
37 134
116 339
76 219
111 353
74 179
150 433
99 262
283 4710
269 1659
146 465
67 172
92 245
170 1085
179 989
66 221
65 209
42 106
138 480
183 1093
77 189
347 5103
263 2382
60 127
339 2986
388 4457
83 238
172 553
98 290
117 519
74 224
134 948
123 465
188 1151
39 96
127 1097
78 312
122 376
133 366
117 322
124 304
62 326
128 792
173 1054
128 465
166 596
92 495
142 384
59 104
165 1232
207 1903
205 1746
238 1208
86 193
58 130
213 1302
172 530
87 441
62 171
75 385
76 394
193 2036
92 252
37 186
185 1686
168 1098
187 671
233 2128
267 4600
84 451
157 1019
131 721
126 771
115 549
85 266
91 256
148 559
57 187
277 1920
162 618
104 482
131 483
146 557
229 1137
151 735
113 553
118 403
151 699
67 177
94 356
142 554
64 139
176 906
135 902
96 396
276 2155
64 183
78 239
131 653
242 2146
23 44
72 218
127 1183
74 163
115 515
81 386
153 1771
131 625
89 257
69 468
211 1852
91 221
89 234
34 63
39 96
49 160
110 364
72 219
89 541
45 172
304 2274
278 1527
81 284
96 1038
134 1303
165 795
97 480
411 2420
78 252
46 106
179 1463
168 493
154 731
77 174
151 311
88 315
92 295
145 1306
76 242
90 242
208 1567
96 1681
157 1050
6 8
75 376
10 14
40 133
76 353
176 998
76 227
119 238
85 237
53 196
61 191
52 226
58 149
90 203
165 1323
93 416
109 221
93 362
105 958
8 10
185 1030
5 7
181 1129
103 328
40 95
30 56
105 329
290 2032
30 142
71 228
25 44
283 1856
88 274
284 1443
110 657
106 273
195 1157
5 5
96 445
86 357
264 1413
101 442
188 769
83 241
69 209
49 156
18 35
131 554
110 1553
187 1398
112 839
59 183
134 917
77 187
78 250
156 1550
218 5559
89 264
180 1383
78 280
110 400
143 580
181 1662
15 15
84 223
125 614
4 13
89 255
98 447
175 924
27 46
8 11
103 652
101 1083
107 475
40 93
101 315
116 426
5 9
5 8
199 1448
160 1191
49 167
241 962
71 200
89 410
137 1464
138 566
123 616
171 2301
92 341
86 378
108 425
8 9
131 536
93 335
114 509
101 366
79 180
92 381
144 572
138 667
120 792
143 788
133 767
5 10
8 10
2 3
100 544
40 81
72 247
79 274
88 317
49 91
43 118
92 345
121 628
40 134
169 517
58 137
42 92
194 1513
179 577
71 241
4 5
79 177
68 353
79 359
135 850
100 284
99 456
173 1985
127 741
94 301
69 409
7 9
95 646
67 211
75 235
101 379
99 356
67 348
22 65
107 441
41 187
7 11
100 495
63 278
137 660
113 513
76 464
2 8
89 381
80 224
54 162
139 601
36 131
57 201
87 188
83 423
191 615
101 442
45 110
66 285
115 1181
67 302
87 269
214 926
5 6
81 444
112 600
5 8
41 146
7 9
8 10
4 7
4 4
94 409
139 1511
70 419
74 520
91 301
6 10
94 399
85 349
6 16
42 160
154 497
156 881
50 168
44 78
74 521
58 152
140 773
5 6
47 177
99 385
85 206
64 443
66 220
92 493
71 312
134 493
52 191
110 535
51 150
43 175
6 11
47 181
291 1301
1 1
5 9
112 311
5 9
6 7
7 11
6 11
3 10
91 438
24 107
29 111
76 339
31 134
75 186
178 624
56 248
170 1293
2 2
156 436
141 515
95 458
6 11
114 1036
69 249
147 355
8 10
7 9
112 270
5 9
96 439
64 111
55 164
4 9
11 14
45 108
122 604
40 98
152 538
37 95
211 898
69 280
138 1054
111 318
3 3
71 459
92 309
57 175
10 15
163 1248
174 1360
126 656
5 7
67 324
48 378
6 8
65 283
5 9
7 10
5 7
10 15
142 606
33 142
104 511
108 775
5 9
57 180
2 3
11 12
7 7
143 717
3 4
59 220
40 243
3 4
8 9
6 8
6 12
4 6
181 2212
42 259
78 341
74 328
108 562
99 274
79 369
66 200
5 11
9 16
8 13
5 9
4 10
93 483
59 219
77 184
119 373
66 214
71 312
9 11
68 162
42 104
98 931
5 8
8 11
85 269
80 171
3 3
1 2
88 192
78 307
49 99
214 1093
91 236
5 10
133 429
25 62
2 3
174 673
48 199
48 183
100 386
7 7
63 238
100 333
237 1143
51 143
77 238
98 281
64 154
86 153
102 425
140 682
141 549
6 8
50 184
48 169
55 154
82 302
13 21
8 11
105 330
78 219
71 126
73 275
26 46
9 13
50 200
58 214
78 266
48 170
154 669
8 8
8 9
7 9
98 269
74 156
77 191
72 253
6 8
3 4
8 13
5 5
6 8
58 137
54 126
81 252
68 160
4 5
88 345
59 154
65 277
83 309
68 123
108 699
30 69
36 117
113 389
35 82
25 90
169 1468
77 575
42 180
41 199
45 135
98 341
50 229
83 130
328 1842
158 1472
76 390
70 160
40 92
102 680
48 553
135 343
86 320
302 3776
122 349
96 299
70 273
103 578
147 664
130 651
94 449
97 605
330 2017
214 937
100 397
235 2116
32 100
85 239
58 196
74 278
84 284
78 240
73 237
76 249
74 230
125 779
199 1035
50 84
62 138
370 1895
22 28
193 2664
71 215
205 1503
206 1378
270 1515
128 1403
93 474
84 445
169 1339
64 350
82 229
99 1384
72 250
268 2233
389 2101
133 595
42 178
167 1073
129 616
196 1411
156 942
140 410
165 822
108 363
121 673
137 312
221 660
264 1461
250 1832
109 465
198 1971
44 107
147 638
148 597
278 3159
84 683
139 1262
99 798
78 226
117 855
145 1114
106 791
199 2619
148 669
45 246
234 1304
165 725
101 332
76 281
63 210
137 487
269 2860
98 537
41 85
197 1432
81 169
74 197
78 274
188 1581
80 210
220 1905
59 282
194 1104
113 479
82 210
38 84
47 115
298 1970
49 88
52 112
138 422
55 92
