263674097 1
267214250 2
267551639 3
294436967 4
295478082 5
296203324 6
296203392 7
296203434 8
296531366 9
296543992 10
297230760 11
297251714 12
297580589 13
297912117 14
297917363 15
297921608 16
297921642 17
297925526 18
297925608 19
297925719 20
297929815 21
297947227 22
298210543 23
298254517 24
298258399 25
298258513 26
298258611 27
298258714 28
298262663 29
298595196 30
298957166 31
298961895 32
299272434 33
299289811 34
299604862 35
299609112 36
326253554 37
326810603 38
326884331 39
327242169 40
327587580 41
327588225 42
327881747 43
327933008 44
327933027 45
328179112 46
328193076 47
328265389 48
328274638 49
328278449 50
328373131 51
328533761 52
328611467 53
328632707 54
328861072 55
328879764 56
329211374 57
329225149 58
329301513 59
329301762 60
329560716 61
329566174 62
329566197 63
329897255 64
330237771 65
330268940 66
330661529 67
330998071 68
331774819 69
354797099 70
355133859 71
356429209 72
357146296 73
357515217 74
357859600 75
357863646 76
358208973 77
358209090 78
358209104 79
358209154 80
358213022 81
358877435 82
358899943 83
359210228 84
359892669 85
359918228 86
359931311 87
360238069 88
360259013 89
360259229 90
360591860 91
360677632 92
360950551 93
360958913 94
361105354 95
361114148 96
361298637 97
361312146 98
361312808 99
361614914 100
361636071 101
361687789 102
361722354 103
362024428 104
362299997 105
362395402 106
386829647 107
386842280 108
387870860 109
388208592 110
388211850 111
388267095 112
388565572 113
388898107 114
388898135 115
388898153 116
388898174 117
388898182 118
388902705 119
388902751 120
389205204 121
389934175 122
390258187 123
390271033 124
390271275 125
390275105 126
390279635 127
390280026 128
390564245 129
390594712 130
390599010 131
390612328 132
390616420 133
390616496 134
390919468 135
390947722 136
390952738 137
390961490 138
390969969 139
391125788 140
391297978 141
391311186 142
391643292 143
392325925 144
392757094 145
393171256 146
393340402 147
393776005 148
417190793 149
418214549 150
418503161 151
418516470 152
418556051 153
418897332 154
418922937 155
419230063 156
419588136 157
419596540 158
420274150 159
420614725 160
420623873 161
420904348 162
420965117 163
420973599 164
420973612 165
421041565 166
421297236 167
421300612 168
421305688 169
421305971 170
421318463 171
421318649 172
421641859 173
421650523 174
421650982 175
421650988 176
421654726 177
421655012 178
421992055 179
421992069 180
422000744 181
422328492 182
422337400 183
422635203 184
422682603 185
422751191 186
423101189 187
423105632 188
423442357 189
423792217 190
424379864 191
424729369 192
424888924 193
425143700 194
425471220 195
448869118 196
450294326 197
450635626 198
450971893 199
451049385 200
451662040 201
451663172 202
451982195 203
451995306 204
452336396 205
452336897 206
452340825 207
452340995 208
452344160 209
452681716 210
452685249 211
452689494 212
452689897 213
452694446 214
452698565 215
452849628 216
452971138 217
453022644 218
453023103 219
453026641 220
453026883 221
453030534 222
453035422 223
453087379 224
453108601 225
453376390 226
453708274 227
453794660 228
454041627 229
454136171 230
454386099 231
454477603 232
454822714 233
455159380 234
455500416 235
455578166 236
456174330 237
456523994 238
456847100 239
457175054 240
457520516 241
480297293 242
480608510 243
480940072 244
482356368 245
482702027 246
483038957 247
483042692 248
483711811 249
483712161 250
483720758 251
484040200 252
484069896 253
484402369 254
484821546 255
484825371 256
485093313 257
485171192 258
485430303 259
485430336 260
485511772 261
485745927 262
485934965 263
486194398 264
486444857 265
486544396 266
487144598 267
487217638 268
487899426 269
487899562 270
488231939 271
488559952 272
488572496 273
488891877 274
488922181 275
488931037 276
510049477 277
510282921 278
510623727 279
510951971 280
510952092 281
510956083 282
513668146 283
514043443 284
514068564 285
514073634 286
514397189 287
514406435 288
514712745 289
514833145 290
514842241 291
514850616 292
515450389 293
516283789 294
516464866 295
516603060 296
516780722 297
516806504 298
516844782 299
516857964 300
516875221 301
517138678 302
517242832 303
517578770 304
517911104 305
518217691 306
518558825 307
518598175 308
518925962 309
518930199 310
519004170 311
519012059 312
519279166 313
519620935 314
519949044 315
520272258 316
520285559 317
520617773 318
541326096 319
541347811 320
543821838 321
544706811 322
545082184 323
545441096 324
545444996 325
545445407 326
545445617 327
545453209 328
546127037 329
546438473 330
546464512 331
546472393 332
546481124 333
547158593 334
547240545 335
548488948 336
548712377 337
548949855 338
548963433 339
548993536 340
549282467 341
549895478 342
549955973 343
550301858 344
550319585 345
550326974 346
550388353 347
550638250 348
550655668 349
550655959 350
550720698 351
550988122 352
551000891 353
551337690 354
551341782 355
572988605 356
572988717 357
573713481 358
574040939 359
574377562 360
575063620 361
575197482 362
575768294 363
576143501 364
576566223 365
576574889 366
576816635 367
576821609 368
576825965 369
576843029 370
577473231 371
577499411 372
577835762 373
577844302 374
578189223 375
578189576 376
578254032 377
578530106 378
578621125 379
578642656 380
579014562 381
579536041 382
579700707 383
580227374 384
580326842 385
580326857 386
580327051 387
580369597 388
580732377 389
581004609 390
581013104 391
581013183 392
581013253 393
581055513 394
581055643 395
581064348 396
581073524 397
581332573 398
581336531 399
581396769 400
582027317 401
582027783 402
582101022 403
582364307 404
582696254 405
582696729 406
582700300 407
582709537 408
582791755 409
583037478 410
583042026 411
604070433 412
604070461 413
604735525 414
604769716 415
605166418 416
607251100 417
607597135 418
607855896 419
608166388 420
608534097 421
608559475 422
608891515 423
609224408 424
609656444 425
610321522 426
610351307 427
610368283 428
610571450 429
610916994 430
611262238 431
611361002 432
611629428 433
611693656 434
611694145 435
611706830 436
612034653 437
612068881 438
612099662 439
612367371 440
612371421 441
612777140 442
613044611 443
613066879 444
613083317 445
613386220 446
613394707 447
613398542 448
613398716 449
613420343 450
613727557 451
613822435 452
614059839 453
614081109 454
614395935 455
614417802 456
634090169 457
634759240 458
636792984 459
638178497 460
638204954 461
638882263 462
639232016 463
639573126 464
639585968 465
639862370 466
639905310 467
640596169 468
641278400 469
641709938 470
641714522 471
642046803 472
642387793 473
642732835 474
642763119 475
642763374 476
643052767 477
643078133 478
643401816 479
643462210 480
643721915 481
643743142 482
644153089 483
644421171 484
644425543 485
644433538 486
644450565 487
644757911 488
644761952 489
644766447 490
644774907 491
644779130 492
644788121 493
645090294 494
645111897 495
645449236 496
666136034 497
666818214 498
667841133 499
668876945 500
669248536 501
670915068 502
671268907 503
671600919 504
671604934 505
671618401 506
672407642 507
672429275 508
672650207 509
672653737 510
672723441 511
673405506 512
673758836 513
673772212 514
673772244 515
673776769 516
674108802 517
674152184 518
674420122 519
674445451 520
674446014 521
674492842 522
674502264 523
674781866 524
675127699 525
675127915 526
675148961 527
675166212 528
675455751 529
675473255 530
675800901 531
675809900 532
675822559 533
676138357 534
676479156 535
676802870 536
676824431 537
696791034 538
696795331 539
698742094 540
698910044 541
699212545 542
701055731 543
701371011 544
701733434 545
702152113 546
702985703 547
703101952 548
703106626 549
703317507 550
703351975 551
703866010 552
704133766 553
704785256 554
704798196 555
704811742 556
705381843 557
705480225 558
705484270 559
705485010 560
705851493 561
706499298 562
706520453 563
706862579 564
707190304 565
707509964 566
707522044 567
707837502 568
708187441 569
708192040 570
726836665 571
727153132 572
728895864 573
729228602 574
729954382 575
730398229 576
730618686 577
730627582 578
730644253 579
730692294 580
730717696 581
730942383 582
732163357 583
732319555 584
732777416 585
733005935 586
733700589 587
734132592 588
734693858 589
734724111 590
735073668 591
735155100 592
735415046 593
736860990 594
736886386 595
737555876 596
737892940 597
738886042 598
738898772 599
738907232 600
739226403 601
739576358 602
739917109 603
757569579 604
759582005 605
760604568 606
760630148 607
760638547 608
760989114 609
761040902 610
761325477 611
761628679 612
761661626 613
761667057 614
764377593 615
764718552 616
764727525 617
765063664 618
765072733 619
765431635 620
766103970 621
767433432 622
769260075 623
769263962 624
769277177 625
769605178 626
769937253 627
770619418 628
789248033 629
789398359 630
790577606 631
790629881 632
790918006 633
792019471 634
792364800 635
792364888 636
795745097 637
795753207 638
796393522 639
796755936 640
797281464 641
797485063 642
798939240 643
800212579 644
800233950 645
800304205 646
800373114 647
800579317 648
800635701 649
801279493 650
801633491 651
801642044 652
801991698 653
801995584 654
821344462 655
823015627 656
823390508 657
823395525 658
825057630 659
825061437 660
825104246 661
827842071 662
828519397 663
829636950 664
832002912 665
832016427 666
832646151 667
832693443 668
833017692 669
833030207 670
833030480 671
833030621 672
833043564 673
853070023 674
854088654 675
854093627 676
854430148 677
856886459 678
857141091 679
857478368 680
863055010 681
863728315 682
864044128 683
864048523 684
864074389 685
884446447 686
885119984 687
887148641 688
888146447 689
888159271 690
888171855 691
890593733 692
893723183 693
894362173 694
895441451 695
895777833 696
895782443 697
917497441 698
917643796 699
918840248 700
918848602 701
919846263 702
922992588 703
923726321 704
924049792 705
925799233 706
926812698 707
948851462 708
949534412 709
949538234 710
950229431 711
980598738 712
985805061 713
1008680614 714
1010938538 715
1010947498 716
1011970102 717
1041666949 718
1042651606 719
1042656011 720
1043117106 721
1043289707 722
1047183897 723
1047525093 724
1050581215 725
1072063538 726
1072659087 727
1076173414 728
1103366153 729
1103693624 730
1110307501 731
1133377835 732
1133722440 733
1134729441 734
1140655376 735
1141328881 736
1141350537 737
1165755320 738
1165755431 739
1169989698 740
1169993905 741
1171690432 742
1172372655 743
1173029301 744
1196789500 745
1196790033 746
1197135361 747
1202397143 748
1203066222 749
1203066401 750
1204124270 751
1227492168 752
1227505368 753
1227834509 754
1228169957 755
1228178720 756
1229538338 757
1233436479 758
1233773217 759
1234481054 760
1258863500 761
1266871604 762
1295855722 763
1325138116 764
1353690708 765
1419019956 766
1450016008 767
1570685132 768
1572520204 769
1653139353 770
1665766998 771
1718114551 772
1817712927 773
1882009576 774
2001461914 775
2033503245 776
5812979156 777
5812980142 778
5812980147 779
5812980516 780
5812980529 781
5812980884 782
5812981242 783
5812982779 784
5812983128 785
5812983831 786
5812986096 787
5813008942 788
5813009445 789
5813009620 790
5813009788 791
5813009789 792
5813009996 793
5813010133 794
5813010210 795
5813010282 796
5813010511 797
5813011074 798
5813011119 799
5813011483 800
5813011493 801
5813011660 802
5813011738 803
5813012044 804
5813012048 805
5813012274 806
5813012979 807
5813013202 808
5813013203 809
5813013279 810
5813013636 811
5813014640 812
5813019526 813
5813019920 814
5813020347 815
5813020840 816
5813021090 817
5813021602 818
5813022976 819
5813026589 820
5813026661 821
5813026705 822
5813027592 823
5813027737 824
5813032424 825
5813032847 826
5813035694 827
5813039948 828
5813046951 829
5813047306 830
5813049378 831
5813050455 832
5813054053 833
5813054104 834
5813055769 835
5813055773 836
5813055800 837
5813055817 838
5813055859 839
5813055865 840
5813055866 841
5813055903 842
5813055904 843
5813056020 844
5813056041 845
5813056054 846
5813056243 847
5813056890 848
5813056896 849
5813056909 850
5813056944 851
5813057162 852
5813058048 853
5813058319 854
5813058320 855
5813060687 856
5813062552 857
5813062858 858
5813063239 859
5813063587 860
5813069072 861
5813069683 862
5813069859 863
5813071068 864
5813071354 865
5813071370 866
5813077939 867
5813078641 868
5813083780 869
5813087438 870
5813087940 871
5813089157 872
5813092990 873
5813096699 874
5813108129 875
5813132515 876
5813133640 877
5813134052 878
5813134055 879
5901195362 880
5901195945 881
5901200903 882
5901201676 883
5901203471 884
5901203505 885
5901208044 886
5901213155 887
5901213494 888
5901232295 889
