222 1196
148 479
86 340
65 253
128 591
488 3485
151 704
141 653
235 850
224 822
183 629
137 477
204 773
45 87
84 253
136 425
343 2425
92 343
608 3435
74 252
89 174
256 930
630 5485
119 405
193 799
69 113
40 76
823 5024
64 171
194 763
123 373
228 793
231 658
255 828
285 814
230 729
244 1312
140 433
33 140
211 813
228 768
188 536
152 456
151 426
228 714
309 1632
67 251
234 739
546 2322
79 145
145 317
271 1275
265 1033
403 4002
57 136
104 329
104 239
226 885
302 1875
64 116
660 3691
291 1038
254 2306
232 1153
197 811
294 1841
113 373
93 217
137 448
765 4455
157 549
133 442
146 561
238 944
217 773
92 197
248 1058
329 2755
331 2241
278 1139
507 2833
206 910
315 1231
701 3747
234 1001
955 4508
47 88
1291 23216
134 400
381 3496
69 110
140 468
329 1579
172 422
129 520
105 457
349 1069
491 3452
218 947
152 520
289 1184
76 207
79 294
217 876
128 302
83 318
373 2402
188 1176
306 899
221 1034
580 2246
192 967
139 603
201 1237
539 3524
205 653
208 792
147 392
323 1271
274 1156
148 377
106 211
222 894
1238 6787
56 95
75 193
446 3340
126 374
55 118
808 6191
602 5695
224 901
155 521
374 2386
426 1825
185 849
171 498
245 769
188 577
181 837
157 562
160 607
1169 9083
329 1508
337 2059
37 119
394 2433
119 313
221 818
209 783
228 811
245 864
204 774
181 756
177 505
53 136
86 164
535 2826
128 362
419 2910
314 1738
160 650
247 1918
231 1710
261 1324
118 379
303 1643
1155 10482
299 937
101 234
109 226
954 6862
203 626
236 793
401 2573
250 1355
61 134
357 2156
781 4500
195 603
294 1936
679 6645
257 880
444 3199
733 5113
338 1059
1046 5734
257 964
301 2111
467 1704
318 1580
270 1127
1671 9974
323 2889
165 811
186 573
259 1132
393 2961
88 184
515 1896
346 1802
197 688
373 1792
229 768
123 264
93 278
476 4586
317 2026
257 688
435 2194
307 1651
1153 7777
159 608
242 773
375 1823
1172 5808
258 989
186 769
322 1270
387 2364
196 660
192 906
308 1332
318 2198
234 721
250 629
448 2001
331 2500
248 667
229 641
156 406
227 542
169 457
202 475
470 2378
155 739
350 2192
264 1727
102 668
114 315
141 521
469 2802
337 1035
333 2742
149 503
179 560
318 920
205 730
52 136
186 1554
78 217
183 821
98 560
236 806
102 299
181 440
372 1847
342 1291
243 876
99 432
385 2081
272 837
662 3572
300 1204
199 547
494 2706
782 5535
254 982
1178 6866
236 1453
120 323
184 610
101 250
1039 5763
250 584
204 622
267 944
519 3111
900 9570
89 210
161 723
137 416
214 692
1424 13113
355 1257
81 189
319 1064
151 688
250 806
195 1181
148 615
127 494
489 3274
136 256
161 543
364 1453
339 1720
229 1189
146 514
583 3089
122 276
114 313
249 1078
182 659
129 308
375 1340
244 897
222 807
214 665
128 353
134 293
349 2687
549 2585
602 3377
432 2771
261 2203
93 312
100 493
97 178
198 891
251 931
166 1058
172 1154
485 4714
222 575
519 3151
161 591
70 241
413 3120
299 2161
74 277
51 123
195 631
169 469
152 614
183 566
130 277
300 1396
57 127
248 875
490 1986
5 5
64 216
89 245
517 2690
438 1620
279 1681
212 851
92 150
333 2171
223 1562
690 4111
101 416
299 1485
365 2507
156 1224
685 6718
707 4960
416 2094
383 1816
394 1861
576 3601
205 1520
210 930
218 854
186 717
177 480
352 1612
181 671
177 640
325 3069
110 214
258 642
93 634
229 590
153 312
127 364
167 633
159 357
284 2457
226 733
539 3583
125 397
235 1602
202 814
118 386
281 1807
196 507
204 579
477 1976
167 640
187 679
443 2111
208 789
745 3812
66 162
71 155
242 1292
88 262
63 156
278 1867
8 13
241 1068
391 1997
300 1452
329 1385
103 291
221 650
341 1992
937 7393
321 1186
1106 14155
333 881
192 487
185 556
29 73
64 111
163 380
624 5053
350 955
248 1098
372 2480
6 6
280 1097
181 492
417 1550
296 1177
118 405
577 3441
216 1481
400 1913
3 8
382 1517
642 5022
70 172
786 7237
399 3186
194 488
750 4949
274 811
194 632
480 2275
406 5725
192 929
717 6230
134 454
172 1008
191 830
233 933
185 704
253 1249
129 506
186 1525
172 533
263 1601
219 630
109 278
190 1285
182 641
94 344
189 909
380 1508
178 324
610 2516
345 2312
170 547
213 1255
217 809
178 644
185 829
107 304
181 939
104 533
182 725
203 776
238 1159
255 977
82 201
397 4542
481 2378
176 766
224 414
120 546
73 340
637 4083
161 511
472 2901
34 94
56 97
222 559
175 678
165 577
273 1851
243 1783
134 634
885 3479
159 581
167 372
56 194
212 644
316 3172
16 22
2 5
866 3347
206 596
240 634
400 1417
249 518
170 570
500 2319
105 464
459 1854
868 3997
673 3997
142 351
199 1038
161 1322
172 472
300 1939
735 3906
213 995
330 1630
180 527
174 635
169 820
132 311
213 767
145 536
569 2892
273 2588
81 175
139 454
472 1792
152 976
630 3026
346 4015
535 4459
210 711
217 819
184 1330
306 1435
191 613
247 1439
227 752
130 449
212 699
189 909
186 484
315 1604
399 2155
125 632
75 242
177 545
338 2167
184 622
214 774
173 515
473 2800
86 285
199 751
451 3102
178 642
251 836
135 221
142 386
103 260
190 507
148 539
60 302
264 1628
415 1174
2 5
518 2933
1345 5506
229 821
136 504
191 1153
288 1299
177 702
197 692
28 46
506 2456
881 3882
514 2973
284 1529
44 111
230 975
885 3687
80 379
224 1184
146 400
489 2691
196 577
628 4722
57 141
18 25
693 3652
760 7274
417 1729
70 211
375 1886
2666 34543
89 200
145 477
961 6878
75 265
11 15
369 2383
97 188
181 803
377 1165
774 4507
139 574
409 1490
343 1445
392 2346
323 1669
114 416
827 9574
1003 10326
289 1238
184 309
162 431
344 2156
180 726
185 787
51 119
72 301
159 481
95 317
280 906
193 505
152 2147
638 8785
516 2192
36 72
346 1599
287 1206
142 391
477 2313
535 2863
913 5744
206 553
176 650
759 6998
265 992
182 873
327 1929
747 7228
228 1051
207 894
252 1066
193 1247
484 3177
119 474
405 2120
195 1024
162 637
112 355
440 1451
326 1987
198 848
212 685
492 3674
231 1405
183 676
203 396
307 2045
243 1207
272 1356
253 1342
24 61
319 1379
421 2405
149 686
224 686
167 552
580 1960
42 90
189 708
158 474
304 1267
288 1049
200 328
657 3670
551 3305
87 282
205 692
243 970
111 256
313 1714
171 528
178 1144
117 340
376 1362
640 2387
140 326
173 622
179 610
186 680
158 481
33 51
202 1328
144 341
348 1801
198 691
524 3093
8 8
232 1008
221 635
460 3278
349 1578
324 2649
355 1669
169 352
119 813
71 144
117 251
228 939
296 1210
609 5332
307 944
470 1527
469 2091
156 680
98 346
116 412
178 638
520 2706
4 8
3 6
121 367
291 1545
865 6725
165 378
122 322
138 320
252 837
123 330
422 2112
313 1797
346 3594
107 212
136 282
1211 20280
143 390
147 646
384 2037
121 348
792 5654
128 297
518 2505
139 535
9 15
201 757
560 1940
504 2513
26 58
157 802
132 567
172 406
156 389
209 1360
412 1611
183 902
196 591
263 1367
183 1186
488 1738
184 539
843 5066
299 1572
195 1272
127 376
168 403
255 1581
91 363
223 1141
206 631
70 358
293 2010
144 412
161 438
207 472
329 2401
126 264
706 2748
266 1918
1093 8518
172 853
165 761
477 2325
137 618
199 853
208 1912
383 1286
79 212
106 278
271 1232
128 917
199 875
279 966
289 1214
43 138
102 301
217 387
75 154
312 1294
142 346
289 2136
112 283
52 129
45 154
115 366
94 245
69 199
141 441
53 95
447 1461
330 2144
130 345
33 60
183 488
55 132
54 94
100 300
111 314
48 89
110 353
64 123
127 441
92 267
24 48
82 161
144 421
300 740
412 2347
318 1431
50 163
33 68
179 1276
46 145
46 86
194 913
9 18
286 1278
40 68
214 596
140 471
117 341
411 2582
304 854
409 1386
335 1087
201 568
206 754
241 620
83 213
111 305
415 2288
172 965
214 527
429 1990
220 728
259 1178
249 496
183 907
279 816
215 585
128 386
779 5492
282 880
144 221
97 222
39 95
133 362
242 717
386 1277
31 60
120 392
97 313
90 182
121 435
194 502
13 22
71 214
77 180
38 92
53 149
62 137
811 7333
215 890
299 1054
189 668
403 1616
159 564
1439 8498
59 168
72 166
78 237
42 92
183 1532
304 2886
184 306
112 278
113 297
457 2151
70 152
143 289
23 36
202 443
234 629
301 1882
163 827
225 1133
168 803
444 1875
295 930
1094 6640
299 1616
338 1077
122 324
44 108
59 109
153 468
50 79
1390 5058
218 739
459 1480
510 2211
268 631
215 680
25 52
790 8246
185 437
67 162
217 652
85 165
214 664
57 166
194 501
599 5039
223 638
95 267
495 1703
513 4174
579 4234
283 1254
220 725
242 979
185 1289
464 2525
158 303
222 872
117 291
580 4285
44 80
407 1504
165 752
452 2774
728 5747
244 1209
218 1097
355 2692
174 700
170 429
143 581
2 2
35 63
93 172
248 942
457 2729
432 2068
96 256
862 6044
159 343
173 474
270 1033
86 197
37 75
5 5
136 262
417 1595
190 467
193 524
203 577
134 310
49 82
486 2666
73 232
210 716
126 620
128 426
106 248
142 629
194 961
60 230
135 467
153 434
173 496
267 1347
252 1154
292 982
239 1214
178 1381
561 2107
265 1995
178 541
211 805
214 683
699 3384
103 239
334 1569
238 940
103 247
201 735
457 2616
733 4319
335 1039
402 2033
562 3711
103 325
1471 7231
3 3
289 750
9 14
9 11
175 581
86 212
142 342
315 1582
680 6861
113 394
221 1180
1060 2987
3 3
128 1053
64 163
437 3207
94 188
141 431
109 335
131 234
4 9
4 5
672 2265
417 2144
267 1245
161 381
633 5441
129 322
220 700
79 179
187 956
196 517
8 11
6 8
409 2268
8 14
240 697
316 1279
487 2833
223 625
387 1511
6 8
221 1082
356 1477
432 2437
964 8533
183 788
3 6
172 714
281 2872
15 20
343 1935
360 1051
314 992
233 677
214 1100
236 570
754 3819
264 807
382 2282
127 405
105 348
739 4524
192 811
19 32
128 481
23 40
321 1222
74 143
324 1140
5 10
396 1903
3 3
102 256
91 193
101 266
671 4230
4 4
142 336
461 2818
11 14
107 334
93 338
231 967
121 251
127 431
229 886
128 288
7 10
197 574
355 1481
3 3
130 336
753 3696
144 279
428 1878
29 46
84 162
185 891
135 332
322 1465
572 4044
351 1478
19 43
60 107
12 14
249 2252
442 2814
450 2354
171 504
190 1083
224 1293
318 1342
202 598
431 2666
25 82
117 395
521 3117
274 3363
117 295
246 1289
274 2503
152 691
431 3616
176 1215
136 369
142 531
109 258
505 3946
384 3318
433 2124
274 1082
361 2041
82 288
114 742
98 352
200 868
37 68
196 863
268 1966
40 61
173 715
117 402
94 312
162 405
219 1117
147 392
381 1837
194 614
144 479
212 759
175 325
330 1421
187 656
275 1352
1578 6189
202 759
126 765
172 534
538 2718
302 1571
470 2760
219 597
172 501
96 191
176 693
516 3388
5 7
285 953
465 1541
416 2321
137 423
106 338
39 88
189 644
293 1223
163 388
252 1106
163 466
194 541
182 715
7 11
45 82
772 3598
199 528
198 665
156 515
127 331
182 659
151 529
215 683
172 546
178 638
5 11
297 1282
1514 5722
145 508
168 355
15 17
214 706
239 1269
271 811
203 668
4 7
155 817
391 2303
136 355
88 329
54 115
494 3032
267 672
870 6744
182 669
697 2503
13 16
203 726
171 539
861 3207
196 477
124 280
341 1629
179 979
142 431
105 221
418 1930
120 465
31 50
367 2051
350 1091
661 7946
192 680
196 652
548 2415
519 2733
72 173
743 9238
93 470
142 524
228 939
175 533
8 9
163 618
175 531
193 719
118 388
108 324
119 275
344 1111
548 5142
260 1058
706 3506
266 1755
102 541
121 528
155 453
311 2120
494 3470
81 158
180 714
343 1059
242 750
5 8
378 2547
525 9662
381 1555
34 59
85 171
26 53
27 45
239 618
344 1430
454 2254
339 1025
429 1567
376 1165
351 1477
174 846
300 791
254 724
372 1122
421 1316
595 3375
123 323
18 34
596 3277
501 3040
351 972
687 9547
350 1420
383 1399
442 2031
220 890
210 633
290 1569
245 1106
171 712
367 1490
394 2299
13 13
554 3432
130 776
29 66
3 10
3 3
1 1
81 184
116 803
74 148
178 964
603 5213
125 901
111 586
35 78
91 143
9 10
125 380
223 1287
62 188
198 649
141 464
210 701
357 3264
570 3524
126 410
168 951
136 420
312 2884
176 884
810 7726
107 267
171 909
139 343
234 624
198 675
166 456
64 149
5 8
815 2711
83 210
112 248
492 4273
119 512
80 171
134 698
371 2419
5 9
166 536
3 8
290 1784
259 1152
199 725
335 2524
5 9
120 335
174 1454
398 2872
182 449
350 997
275 1036
242 957
7 12
53 120
264 1302
302 1122
731 3687
382 1253
160 493
274 1064
192 734
428 2245
240 1395
590 2900
180 611
220 1568
118 238
127 302
5 9
108 356
117 245
75 127
692 7847
6 9
109 292
296 1247
277 2176
212 476
8 8
573 1615
45 140
276 785
186 640
6 8
303 1636
190 792
634 3536
435 1292
228 666
174 627
211 1079
192 694
337 947
462 3241
9 15
167 374
331 1359
242 636
363 2765
179 485
266 2219
262 2017
23 29
546 7915
111 375
92 331
71 142
138 431
72 196
117 371
142 212
192 633
189 509
122 439
8 9
106 295
163 528
433 4284
6 7
396 2007
203 612
227 822
484 2671
178 358
576 8451
338 3020
517 1964
211 738
126 770
250 920
78 297
174 580
173 779
102 236
78 189
248 976
133 600
209 710
325 1321
148 487
412 1575
399 1362
372 1560
459 5552
456 1785
4 6
8 10
20 35
17 22
4 6
136 483
5 7
377 1270
272 1241
290 793
359 1210
211 534
197 559
267 729
222 854
130 355
8 10
228 696
166 428
9 11
158 594
181 531
506 1973
515 2267
4 6
7 8
636 3251
355 1670
355 2359
79 239
197 798
191 963
445 2099
41 80
17 40
67 159
427 1731
8 14
158 473
92 230
256 1218
2 5
168 523
189 1246
27 69
26 56
170 749
122 458
93 322
259 1124
206 660
6 10
186 2100
341 4311
127 386
192 826
35 86
193 605
106 519
434 1623
140 490
168 399
130 686
1137 15257
274 1445
330 1537
7 10
508 1952
276 1315
108 369
515 2707
164 511
218 716
443 4293
88 266
118 411
643 4240
203 1430
235 657
14 24
7 10
191 863
171 882
48 181
43 74
358 1861
143 510
349 1520
6 10
5 5
152 468
244 1549
138 498
234 1339
112 353
19 37
157 564
9 19
6 8
204 671
122 488
76 223
87 239
6 6
312 1149
229 879
222 798
116 371
9 18
171 643
126 295
116 269
148 656
240 562
11 19
293 914
283 1080
113 292
125 265
103 289
176 601
214 637
9 14
107 242
18 24
75 177
289 2563
6 7
664 1660
181 578
128 379
102 323
115 396
63 124
788 3968
263 826
277 1390
109 607
253 1074
41 84
310 1560
367 1353
227 1175
6 8
182 941
247 1089
8 11
373 1634
436 2550
202 789
107 562
57 105
5 15
53 74
290 919
284 906
5 7
116 243
7 10
270 1327
156 854
157 588
400 5532
87 180
107 354
303 1164
66 101
241 1024
324 2042
567 4281
163 573
230 582
353 1477
161 710
326 1179
142 581
190 565
602 5622
266 1179
134 819
368 2631
15 17
247 863
244 787
380 1551
377 1658
301 995
88 334
1 1
83 282
107 269
146 440
190 721
286 1432
53 107
475 2989
4 4
76 189
125 305
96 292
69 116
131 440
178 453
225 697
274 601
150 427
425 2025
115 678
475 9561
226 1464
185 530
147 570
86 187
116 344
7 7
8 10
183 910
323 1165
334 1283
533 3432
441 2368
211 831
110 271
170 681
392 1173
246 841
304 926
318 994
268 961
211 900
69 111
97 289
4 4
23 40
135 395
1 1
206 593
133 261
160 532
170 364
236 1123
301 939
599 5195
5 7
21 36
83 441
125 749
77 212
151 612
23 55
708 3385
297 3087
7 9
153 780
6 9
285 1110
212 970
373 2504
260 1000
58 104
131 924
3 6
115 501
243 946
193 879
18 30
41 80
96 324
212 1297
452 2530
2 5
3 4
2 6
301 1175
113 384
193 643
116 280
55 131
92 270
201 965
209 560
172 662
294 1863
4 8
183 432
7 11
171 579
168 636
5 8
213 640
208 568
568 2424
79 163
302 1229
199 822
106 367
126 668
249 1741
432 2643
101 214
5 10
391 2389
171 785
231 1220
136 367
197 949
56 116
219 596
5 9
264 751
147 483
63 124
141 365
105 540
217 682
315 1791
133 309
301 1274
147 688
86 229
142 453
220 1670
104 441
434 1959
564 2628
664 2685
138 501
142 967
48 83
137 310
624 1694
245 1189
12 16
81 333
22 49
247 643
95 287
102 327
334 1405
1 1
284 743
133 306
144 994
68 115
349 3473
123 654
144 397
5 9
6 9
5 8
295 2325
7 8
136 437
143 493
30 50
57 128
66 109
155 410
121 489
196 1147
257 846
498 5336
283 1152
487 3612
36 63
19 37
2 2
25 48
179 611
186 747
18 28
240 764
91 274
252 568
172 768
276 1004
218 584
2 7
239 1642
146 352
115 470
168 348
1256 4339
107 341
523 5304
121 478
6 8
252 714
291 943
4 5
5 6
5 8
32 51
294 1131
371 4640
266 603
63 297
8 11
133 734
301 1269
264 1438
83 178
32 58
73 203
288 846
2 4
276 986
223 875
197 964
594 3185
3 3
317 1205
56 191
47 96
17 30
395 1963
128 487
157 516
123 637
171 664
91 209
718 2326
73 206
36 81
178 591
251 987
305 836
480 2296
314 2311
190 527
167 398
276 883
112 381
142 311
90 244
32 52
6 8
330 1476
389 1220
199 769
136 386
104 359
202 873
55 128
36 79
3 6
613 4547
2 2
71 196
89 190
26 50
65 193
180 569
196 490
323 1531
507 4764
202 648
70 315
69 231
4 6
174 376
410 2445
101 315
259 2308
76 314
117 771
59 237
163 505
373 2377
9 13
103 350
598 5423
72 120
79 320
23 41
175 646
227 804
209 1427
237 1291
251 1589
29 55
43 118
281 847
231 1560
294 1553
504 3484
182 425
202 1010
255 1467
229 1735
167 566
159 558
170 556
269 875
73 154
94 261
315 1777
6 9
167 554
8 12
196 790
94 371
137 556
137 311
126 252
460 2586
190 704
134 353
69 170
136 1012
54 106
176 1013
42 101
52 151
7 9
264 1165
227 1095
283 1239
140 473
34 64
209 728
172 422
292 1283
265 879
396 1820
167 747
118 246
41 63
72 185
167 392
175 539
95 243
288 1469
144 1148
135 369
134 526
123 617
113 549
86 315
63 352
169 368
246 1089
316 1649
187 525
6 8
246 1586
66 165
209 616
294 1254
333 1934
48 92
21 28
294 1130
134 812
5 6
229 969
393 3135
45 64
413 2231
168 1158
305 1575
35 72
321 1097
6 8
853 8624
97 354
105 230
162 889
174 701
147 399
19 23
197 544
432 1239
4 8
6 8
231 657
148 287
109 419
404 887
565 3521
278 1169
423 2646
90 387
89 275
54 104
254 727
10 11
8 10
459 2566
5 7
207 631
129 681
148 548
1108 3101
228 900
356 1678
299 979
263 1261
411 2627
91 208
345 1631
111 331
536 2284
9 13
155 484
8 11
205 649
7 9
5 10
89 248
96 180
52 139
114 299
143 371
280 829
267 1203
1018 3833
167 653
2 2
111 585
66 97
435 2136
4 4
138 285
305 789
249 711
293 991
199 570
55 111
81 349
5 6
265 1025
218 1715
219 496
91 443
28 58
204 435
58 94
95 200
6 11
5 9
5 9
164 626
20 38
99 309
211 693
5 10
380 4037
7 8
184 515
363 1017
272 1012
100 236
118 388
354 1972
290 1661
165 603
250 798
256 1730
110 306
202 565
130 343
102 220
123 329
8 12
181 954
134 375
223 491
188 700
231 990
88 386
422 1620
83 216
183 762
211 770
63 408
138 868
120 616
86 417
63 146
278 1145
178 504
116 277
69 359
97 420
143 505
321 1320
163 497
5 9
198 799
655 3061
279 974
190 1157
233 793
84 279
134 732
39 90
157 481
84 203
98 415
82 304
150 841
139 317
20 29
131 396
156 497
72 245
299 1095
134 350
501 2719
5 7
138 478
5 14
18 28
153 604
25 32
115 305
138 687
137 696
166 481
7 10
153 537
112 282
204 1202
315 903
9 12
7 10
393 1561
4 8
8 11
130 298
196 642
102 506
6 10
317 1269
9 12
90 250
118 384
100 544
194 562
7 10
3 6
4 8
184 810
53 114
298 1295
1311 8806
6 10
187 2169
84 145
26 46
73 144
63 103
157 546
233 826
4 5
5 6
271 914
131 362
92 210
202 728
323 1230
7 10
95 281
274 1465
86 264
90 276
118 329
53 199
51 132
2 4
236 588
335 1575
179 457
84 202
172 454
298 1130
153 486
515 1557
171 500
8 12
288 1036
61 246
53 89
435 2459
562 3498
112 305
55 254
75 224
134 341
72 165
41 107
50 136
69 195
94 398
4 6
248 1075
4 6
87 232
5 8
347 1808
6 8
101 277
1 2
119 327
3 3
72 116
141 645
9 11
39 117
18 24
162 393
141 410
391 2630
26 35
340 964
156 253
6 6
333 1091
107 275
4 5
218 1305
19 37
4 8
114 267
298 1083
4 6
6 7
4 10
168 702
24 43
174 1867
529 2604
150 369
815 4675
227 1389
230 747
113 470
101 401
226 1354
164 464
7 8
7 8
114 351
245 1059
7 7
85 195
267 748
273 923
236 978
55 426
486 1753
273 1063
6 9
7 9
70 255
182 693
168 604
307 854
47 121
182 1754
6 8
115 435
7 8
164 493
163 450
220 770
364 1037
137 550
56 118
147 622
88 219
81 297
200 841
208 693
257 735
279 1334
69 151
26 39
3 5
147 604
70 157
109 255
184 481
158 424
294 791
168 561
8 12
7 11
99 293
16 26
131 283
170 727
306 1692
6 8
109 294
40 122
171 427
270 998
386 926
197 581
38 76
99 366
225 959
299 728
7 11
173 495
8 12
44 99
164 324
159 471
235 811
102 350
84 186
255 1032
7 10
151 367
188 2121
154 444
115 228
168 469
217 479
327 1122
5 10
197 870
66 159
57 160
5 6
245 959
410 4299
305 1347
200 849
138 401
7 10
6 7
214 657
10 13
332 1940
353 1497
6 8
131 538
173 420
291 3768
12 22
8 11
35 71
336 4571
110 234
155 509
2 5
115 347
713 5061
253 1311
202 942
172 698
49 111
919 7609
9 12
5 10
342 2478
7 7
79 206
379 1285
343 974
147 363
175 557
143 364
270 1017
161 635
163 344
394 4004
130 506
178 599
4 10
124 238
32 69
3 3
23 33
49 99
299 1119
96 215
231 1426
182 539
160 1098
337 1770
212 584
183 470
17 21
213 551
87 273
250 765
254 806
11 20
214 810
234 767
330 1968
205 858
51 299
96 349
99 384
134 289
140 368
88 246
241 1030
94 403
278 1827
6 13
103 336
106 406
85 375
355 2100
393 1429
202 628
9 11
14 28
151 484
147 381
186 545
155 578
194 501
143 273
4 8
4 7
6 8
12 16
86 203
4 6
365 2018
49 78
124 640
72 140
139 409
198 685
142 388
20 33
280 1115
2 6
100 387
218 546
350 1698
9 11
218 728
143 634
274 878
14 20
312 1066
13 15
173 482
284 733
269 981
396 2136
189 519
362 1500
222 759
7 10
515 2592
147 312
129 248
110 251
86 252
12 23
9 11
346 1131
7 13
143 335
1 1
5 7
195 905
7 9
28 51
8 12
243 826
151 385
10 17
9 10
4 5
142 432
148 476
264 786
6 7
258 731
439 1877
8 17
440 2507
170 584
79 127
55 123
361 3223
28 38
4 5
3 4
281 1532
8 13
12 14
5 8
115 372
367 936
174 509
205 902
148 376
137 426
12 15
5 12
5 9
7 10
287 1443
7 8
40 88
327 982
171 441
49 79
4 6
404 1681
16 30
96 387
13 20
3 6
9 10
10 11
25 47
344 3076
202 595
183 862
260 886
87 257
162 559
170 515
9 12
176 412
286 1787
75 149
72 146
133 347
192 731
6 6
234 644
91 238
194 626
11 15
5 11
199 519
102 321
207 792
5 8
43 67
34 55
90 193
173 398
341 1408
28 50
75 236
330 1972
305 1198
237 750
7 11
143 553
70 122
323 2387
227 1060
206 550
194 825
97 242
1351 17850
339 1009
4 9
8 8
11 14
262 974
151 450
5 6
77 148
77 167
79 196
233 1466
121 368
267 1613
195 971
5 9
8 8
108 374
392 1391
2 2
374 1459
493 4608
145 347
144 1015
209 733
4 4
42 60
268 1312
373 4801
8 12
7 8
245 936
2 4
7 8
406 2252
3 7
104 364
13 17
321 1619
314 1194
7 8
122 353
141 447
202 612
5 8
143 305
4 5
160 599
46 114
3 4
40 67
332 2259
108 234
8 13
217 696
74 286
8 16
4 7
6 9
5 5
201 999
3 8
5 8
79 224
6 9
8 16
9 14
170 924
172 1294
206 875
174 1750
176 604
56 183
59 93
111 408
5 9
97 245
81 197
65 157
357 973
76 171
102 344
67 140
183 675
147 512
243 668
145 565
174 562
145 603
168 392
3 7
143 366
6 10
70 179
234 945
6 7
24 45
54 98
57 117
261 1014
206 1167
253 1103
201 613
276 783
189 531
4 6
8 14
151 422
270 813
35 53
226 477
312 896
5 8
232 843
158 478
447 1978
63 116
42 90
2 2
2 2
26 46
285 801
4 7
286 1342
177 677
184 643
212 867
197 738
328 1700
257 822
314 1086
4 6
233 1032
4 7
5 7
4 5
200 619
11 11
96 296
172 585
17 24
128 257
163 493
343 1547
676 4300
3 3
478 6349
3 5
274 1550
146 354
193 453
293 824
207 570
96 416
30 54
42 68
336 975
240 1201
45 119
82 312
63 124
6 11
223 698
7 8
114 328
559 6200
67 142
8 10
6 7
80 281
176 1454
158 637
327 3420
81 278
135 357
289 1478
132 542
146 630
153 1666
140 315
177 427
159 622
231 707
130 266
196 905
67 279
125 466
226 871
276 1518
226 724
164 584
177 586
5 8
134 556
112 214
356 1474
213 1501
225 633
134 554
3 3
79 167
132 528
68 125
182 513
7 13
57 126
107 186
102 216
256 1189
109 281
176 262
3 11
110 440
320 1202
4 7
6 9
493 2045
146 470
258 829
5 8
302 1479
73 149
63 113
188 497
21 42
39 52
8 8
5 5
131 334
240 1096
251 1313
173 477
10 15
302 837
276 736
7 8
70 148
145 430
5 7
89 159
278 861
84 246
125 341
112 355
209 906
5 9
246 1053
13 18
4 6
239 1405
150 646
6 9
43 110
85 236
24 51
119 428
129 372
108 249
8 11
461 2387
14 19
7 8
318 1845
974 4086
230 980
309 1135
203 500
8 15
192 512
9 12
8 16
384 3170
233 962
226 1367
6 8
144 355
6 10
472 4017
153 338
9 11
3 8
8 9
5 9
262 1356
45 143
215 778
98 265
294 1175
70 181
9 14
279 1588
196 615
217 511
101 253
165 914
126 258
111 282
33 65
339 3287
309 1089
152 342
137 298
133 546
261 1121
133 598
73 214
96 323
80 243
85 245
221 643
6 7
5 7
190 630
6 7
4 8
49 121
4 7
4 8
3 8
5 9
87 182
3 5
10 10
184 634
130 515
49 79
120 392
223 721
65 116
4 9
5 5
30 59
365 2203
231 2125
233 871
215 822
20 36
147 353
86 401
234 771
3 4
256 893
353 2350
200 787
160 602
192 810
4 6
3 6
49 74
84 237
165 510
158 723
65 133
137 436
479 3204
4 4
9 10
9 12
3 5
5 7
5 11
215 900
5 5
34 60
40 67
5 8
7 9
219 1065
60 221
314 1967
386 2687
235 883
188 465
223 706
203 826
313 1052
136 316
154 681
311 1493
288 1435
184 1106
191 517
183 720
138 563
247 1737
229 701
58 147
184 512
99 423
141 495
158 617
127 302
205 530
16 21
124 331
144 339
121 245
8 9
5 10
158 602
178 719
93 304
6 9
63 174
196 510
3 7
2 2
156 539
9 11
263 700
6 9
3 6
11 15
206 609
231 806
197 516
128 518
219 612
233 811
7 9
1 1
5 7
113 268
248 817
249 862
237 981
73 142
298 1041
629 6134
271 1239
110 294
102 240
3 6
4 7
10 14
7 7
156 518
170 625
8 11
57 224
5 8
117 373
89 231
152 494
7 7
167 707
318 3479
5 7
8 13
189 625
6 8
9 9
12 15
268 1390
7 10
131 471
2 2
374 2366
264 1339
285 1641
57 144
177 927
36 81
34 56
117 313
243 889
4 7
56 161
411 2015
62 141
19 109
205 625
479 3070
361 1826
183 1058
53 153
373 1675
115 471
148 537
20 39
33 67
152 608
157 741
280 909
105 305
108 215
172 514
67 260
147 489
72 160
208 851
9 14
50 109
269 2970
140 364
59 295
164 469
383 2365
1 1
7 11
559 3225
7 11
198 668
101 296
125 287
17 23
213 705
198 651
14 19
7 8
231 551
4 6
211 623
207 772
254 817
201 545
236 621
20 29
246 967
4 5
3 5
302 1260
5 8
25 36
58 96
67 122
633 5062
7 9
114 349
308 900
4 6
262 1740
304 1770
171 791
4 7
249 811
3 4
4 6
266 1372
13 17
43 62
6 9
32 44
22 29
9 11
6 8
6 12
249 610
185 460
162 628
214 848
1 1
409 3476
11 16
161 420
132 425
78 173
68 251
574 3322
112 394
133 755
310 1412
28 65
29 69
111 254
188 537
256 1141
148 408
198 542
214 638
68 115
98 343
349 1593
186 484
45 125
223 625
85 477
182 824
112 181
741 3652
109 213
142 507
120 611
132 706
82 339
66 148
48 78
2 2
215 628
241 691
220 755
224 614
3 8
123 598
57 88
241 616
6 8
5 8
10 12
5 5
10 11
9 13
13 21
7 9
5 7
236 1020
6 7
102 232
278 1181
298 3641
334 2662
5 6
136 346
10 12
18 26
90 323
315 1376
261 1842
296 1786
3 3
5 8
6 8
9 15
273 1736
5 5
114 341
204 863
357 1593
4 7
305 1038
264 1112
4 4
175 533
5 10
176 692
6 8
283 1244
99 488
103 275
106 436
126 534
296 2598
183 473
140 392
210 966
122 282
136 989
87 306
186 1229
238 997
198 742
274 1198
83 196
242 733
59 172
172 842
171 398
688 3244
102 195
77 197
155 1154
127 568
123 254
147 578
133 268
162 381
121 408
184 568
232 852
248 732
166 649
162 576
344 1069
140 481
110 240
4 4
118 482
13 17
7 8
6 7
137 463
8 12
4 7
8 10
14 17
86 207
3 3
25 31
120 433
649 7409
4 7
4 6
116 367
232 1569
119 339
239 602
39 147
75 177
92 871
247 993
106 313
108 331
326 1652
436 1986
228 664
181 702
141 304
206 533
158 659
178 451
153 368
192 524
20 55
5 8
385 4252
83 233
87 251
4 6
160 558
4 4
225 1204
13 19
183 652
244 793
5 7
154 436
331 2277
8 14
34 49
337 1429
230 1588
416 3491
5 5
3 6
188 826
8 9
47 150
80 318
358 2860
198 1466
157 586
266 1452
233 1477
261 1773
136 1062
86 208
83 280
202 999
173 975
234 827
116 257
294 714
82 336
109 515
188 907
88 139
227 659
85 192
144 973
116 234
210 628
77 888
46 176
338 2448
235 662
266 1268
395 6822
379 5480
5 6
153 552
86 237
216 4904
99 211
177 401
246 867
133 1505
68 144
134 320
55 106
170 433
269 927
3 5
128 203
6 12
88 333
7 8
6 9
173 905
604 1887
463 5145
138 432
371 1450
59 150
338 2371
328 918
173 678
44 97
215 1037
124 471
38 102
282 1494
53 159
279 1242
74 125
196 1329
137 1202
225 597
133 420
139 318
134 328
292 1117
312 1919
149 1828
26 40
19 22
259 1425
103 410
130 401
64 162
157 441
251 765
220 660
807 2283
226 1005
10 11
339 869
6 8
78 200
304 2379
77 193
23 50
53 165
230 1012
211 591
183 874
143 1040
425 3226
144 825
188 3461
36 96
116 357
332 1821
111 260
145 432
57 116
186 499
182 541
136 372
88 166
99 210
293 957
79 156
6 6
8 9
119 495
250 1340
188 502
194 495
64 179
98 319
114 783
45 118
69 180
94 470
61 205
54 305
185 680
193 913
186 675
213 1056
126 455
528 3351
153 432
184 704
210 659
134 405
11 13
296 2534
64 165
192 495
7 8
122 352
71 133
91 271
176 472
143 296
4 7
2 2
244 1208
9 11
4 8
172 587
45 93
111 618
228 1092
194 1155
48 187
105 1208
91 474
112 880
104 768
139 286
190 633
239 4764
140 728
82 551
55 144
168 561
7 15
80 560
165 947
30 53
107 514
61 160
47 115
69 201
354 2835
181 679
207 805
73 219
112 310
165 472
133 668
123 385
161 362
3 5
404 4681
108 230
61 595
1 2
159 1816
235 869
142 997
228 741
109 679
428 2699
120 665
598 5037
357 1337
102 1209
106 417
8 11
239 1240
188 1121
73 286
185 578
121 286
203 658
120 498
156 1307
342 2056
73 264
6 6
7 12
13 18
251 1398
66 150
61 208
34 114
66 199
102 497
142 561
13 18
3 5
6 10
73 213
77 193
57 96
48 91
76 181
158 656
172 539
140 579
17 27
115 518
325 1796
31 55
13 23
13 30
103 401
12 63
19 31
86 172
103 925
42 154
43 165
64 183
247 1951
143 515
50 138
43 130
113 522
72 234
10 10
524 4420
3 6
10 13
10 16
295 928
271 1675
120 588
67 288
362 2451
101 672
98 444
138 1898
81 256
70 544
55 156
100 512
7 9
75 116
19 74
62 288
1 2
49 104
287 1080
81 225
173 884
127 464
55 195
138 661
8 11
252 2258
97 852
72 501
70 472
276 2218
8 10
4 7
43 170
22 31
90 272
74 197
1 1
828 7673
107 447
147 440
119 209
8 26
193 2036
448 2263
5 7
23 41
129 365
62 102
165 562
45 170
17 121
88 240
54 552
525 2677
221 1997
221 2413
10 16
292 3584
27 130
4 8
80 361
164 697
76 220
1058 7532
140 454
27 110
103 957
123 2050
3 3
16 20
47 118
1 1
1 1
140 2392
230 1936
371 2167
230 1434
13 35
61 250
4 6
91 191
91 542
88 511
99 234
3 3
34 84
48 229
34 74
105 345
46 93
123 725
39 77
32 110
191 1099
122 1711
41 120
17 78
23 181
59 123
3 3
40 107
71 181
2 2
26 73
32 118
358 2806
3 10
1 2
3 5
2 2
3 5
3 3
110 780
309 1844
30 49
242 1198
7 7
55 373
43 136
39 100
18 49
156 418
18 215
16 121
148 1239
2 3
35 75
70 220
2 3
29 53
60 151
2 2
646 4878
6 6
2 3
152 1722
98 2249
12 21
21 203
117 516
2 4
2 3
44 126
47 141
137 1313
61 174
358 1583
12 17
47 124
49 299
101 256
115 380
195 1358
47 97
22 67
83 459
102 502
32 52
11 37
4 6
12 16
1 1
104 1171
47 601
70 329
11 16
54 133
16 29
34 479
3 4
61 694
79 853
16 42
7 8
54 171
18 45
3 3
15 101
3 4
12 34
43 97
22 38
3 5
3 5
27 63
12 17
19 39
14 23
14 37
2 5
19 64
4 4
33 58
21 26
34 94
20 43
5 5
6 6
20 193
3 3
24 44
26 52
17 48
24 84
3 4
1 1
3 3
49 128
3 3
9 17
3 5
5 5
47 153
38 116
28 58
20 47
24 81
16 42
16 34
23 36
1 2
9 23
9 17
4 5
1 1
12 22
25 70
97 210
3 4
17 20
15 33
20 43
11 17
19 28
6 8
19 76
7 11
29 58
2 2
26 88
20 22
6 8
7 17
4 7
44 157
15 20
2 2
10 16
17 50
25 79
1 1
1 2
10 15
4 6
1 1
7 10
4 5
13 26
7 11
7 9
4 5
6 7
24 86
2 2
5 6
21 48
33 78
16 25
2 4
1 2
2 4
3 6
1 1
2 2
1 1
16 43
9 12
8 38
1 2
2 3
5 5
3 3
12 16
4 4
127 409
52 103
344 1840
204 742
288 1034
280 810
303 1257
206 471
95 246
286 1186
187 674
148 535
284 1283
379 1513
254 1402
131 573
360 2332
177 560
233 798
418 1569
64 146
572 3577
202 938
166 826
63 206
227 1404
466 1951
208 738
186 403
67 149
8 18
1090 10494
218 1166
258 1359
792 6975
68 261
159 413
108 286
246 926
176 472
223 731
410 3079
261 1576
146 322
129 781
185 861
88 414
373 1320
113 232
211 540
205 646
240 1516
114 273
266 1135
275 784
89 202
163 599
355 1269
115 382
256 3117
551 4844
242 1293
59 137
49 128
117 214
81 693
18 26
38 104
159 568
167 392
36 66
126 727
32 133
58 182
22 41
57 784
205 734
13 15
18 32
24 35
6 8
8 10
319 2193
80 179
196 811
216 934
71 211
136 255
55 119
112 344
275 1097
1019 8488
180 720
131 789
153 411
179 479
173 428
121 592
191 669
104 323
103 256
142 324
147 723
12 24
77 189
208 511
206 629
50 105
92 176
217 2050
339 1522
330 1340
226 490
163 478
140 543
131 320
605 4140
241 618
128 537
327 1229
91 211
1335 4371
178 630
538 2034
204 373
440 3570
87 286
160 319
221 823
149 586
355 1556
89 237
84 179
151 1082
77 335
128 716
129 411
98 271
158 351
98 203
292 871
44 73
129 336
53 117
40 82
252 1274
148 686
64 137
107 366
85 264
67 199
140 566
103 480
317 2011
332 932
82 246
210 1146
397 1222
139 794
271 1515
169 553
161 365
216 506
324 1240
175 785
93 332
105 335
131 320
132 777
160 544
43 133
91 181
214 577
163 569
295 1472
504 3359
312 1917
408 1549
91 351
209 1131
147 596
144 279
722 2783
316 1101
570 2835
47 64
652 5609
179 588
39 75
161 695
151 557
110 1222
234 933
82 161
481 1774
280 2233
409 2641
197 697
265 1567
309 1325
215 814
414 2648
613 2201
200 530
197 758
283 1089
221 3444
550 4000
1454 7319
490 3060
601 5103
56 295
343 2293
251 1058
225 827
648 3813
292 1099
439 1915
239 1126
217 1311
511 1875
290 1253
828 6634
321 1041
174 1308
327 1256
439 3149
162 577
446 1879
369 1388
612 4509
258 1580
418 3342
257 1046
330 923
288 861
597 3891
84 169
467 5329
454 1342
132 584
213 1601
110 1038
165 1038
254 957
404 2418
191 1140
421 3653
251 764
205 645
233 628
74 321
141 1190
166 642
1016 8075
332 1368
201 1431
203 993
773 4370
69 190
823 3564
412 1206
260 1121
486 3098
854 7927
29 50
407 1906
82 237
172 655
147 536
667 4823
76 263
182 696
286 1430
136 325
118 357
65 159
222 403
16 46
33 64
141 350
55 160
176 1084
48 120
16 49
203 849
139 520
168 704
109 181
93 293
203 606
82 372
387 1115
430 2515
485 1565
324 2481
210 1537
331 991
65 129
298 1055
270 1730
231 1168
76 146
92 210
198 602
103 339
127 1966
55 170
13 17
239 2262
91 298
210 1003
477 2766
461 4655
167 428
21 49
98 277
53 129
197 514
263 2081
498 3217
111 406
300 2504
124 506
763 3281
133 629
137 405
351 2502
142 332
203 742
374 2121
237 1085
22 159
176 652
88 996
327 1065
184 522
238 601
207 2371
193 1316
92 150
156 741
654 3977
125 350
107 411
246 1294
660 3658
660 3276
77 169
322 1122
884 6550
165 1399
283 1527
865 5587
343 1414
328 1967
182 817
267 1120
130 318
108 476
328 1453
370 3795
7 16
233 885
477 1894
85 186
348 2268
546 2386
123 289
90 349
1359 12216
195 1990
424 3454
186 896
80 169
307 1518
115 339
721 2977
68 452
229 711
378 2310
124 366
368 2567
999 8890
273 1393
485 2419
321 753
606 4937
589 3382
203 661
257 1034
170 699
153 560
246 2958
121 344
321 1231
395 1532
249 942
399 1527
209 751
313 900
342 3005
1030 4538
383 1154
487 3029
151 312
100 223
64 179
242 832
470 2918
20 62
654 6992
1091 8297
7 11
175 642
695 3328
37 72
488 4891
95 340
292 2113
175 469
179 786
255 1251
211 566
146 403
87 257
13 27
199 666
90 228
48 144
158 589
206 1244
378 2085
119 240
164 647
911 6575
12 27
297 1245
727 3183
133 1537
882 3335
70 270
1041 6066
81 265
217 748
131 271
395 2774
355 2160
785 2338
237 1287
396 1401
499 1617
171 483
167 487
222 823
397 2074
338 1866
54 86
188 613
115 244
326 1871
132 564
345 1309
110 296
275 1407
144 762
345 946
53 130
204 1407
299 1283
12 25
209 1338
181 793
12 42
217 753
67 248
292 1225
244 1423
259 1076
173 431
328 2709
379 2098
246 2639
293 1209
245 747
224 847
158 418
180 509
175 819
229 2812
170 423
361 1898
147 560
212 608
114 281
207 1000
857 10016
1407 9429
70 155
173 588
198 644
128 401
494 2453
119 340
221 834
195 1571
88 285
127 621
186 813
72 159
169 651
788 5062
74 155
124 306
315 894
151 522
418 2655
124 222
79 439
51 129
291 1407
265 908
123 325
159 361
46 112
139 510
147 702
162 644
169 291
288 829
114 418
142 455
235 1075
2 2
164 611
95 248
150 575
475 3550
178 601
193 558
117 247
111 403
30 84
118 259
585 3144
428 1752
96 757
69 192
682 4213
314 858
521 3509
299 1280
245 968
300 1076
141 509
149 477
143 715
103 246
293 1157
199 589
654 4407
426 2102
112 562
155 329
155 424
771 5549
163 669
114 285
309 945
92 213
367 1727
151 1655
632 2551
267 1117
181 790
196 596
247 1160
310 1329
275 1836
176 378
160 315
143 403
180 311
223 1485
288 1868
256 955
64 111
778 18924
340 1349
87 211
149 897
14 31
307 1651
4 7
698 5446
175 924
119 521
101 680
3 6
84 403
68 178
2 2
75 189
489 3267
160 374
89 400
189 792
79 158
48 113
595 4421
13 17
12 24
33 64
13 25
3 6
35 50
