203253253 1
203594164 2
203598466 3
204958872 4
205985855 5
234630133 6
263674097 7
264014957 8
266187342 9
266187383 10
266187477 11
266187480 12
266187559 13
266191407 14
266528086 15
266873591 16
267214250 17
267223104 18
267551639 19
267564140 20
267568157 21
267896360 22
268731005 23
294450004 24
295802733 25
295828029 26
295849410 27
296139882 28
296194535 29
296199021 30
296199026 31
296199149 32
296203324 33
296203325 34
296203392 35
296203434 36
296203440 37
296358430 38
296509709 39
296531366 40
296535619 41
296535655 42
296838079 43
296855409 44
296859399 45
296885362 46
297166053 47
297217528 48
297230760 49
297519815 50
297541369 51
297563139 52
297563270 53
297580589 54
297584752 55
297584869 56
297588995 57
297908595 58
297912117 59
297917277 60
297917363 61
297917364 62
297917459 63
297917475 64
297921570 65
297921608 66
297921808 67
297925487 68
297925526 69
297925608 70
297925628 71
297929807 72
297929902 73
297929935 74
297930068 75
297934012 76
297934349 77
297938585 78
297947227 79
298241038 80
298250090 81
298254384 82
298254474 83
298254517 84
298258354 85
298258399 86
298258415 87
298258513 88
298258530 89
298258611 90
298258737 91
298262357 92
298262408 93
298262442 94
298262488 95
298262498 96
298262599 97
298262663 98
298266660 99
298266783 100
298266903 101
298267069 102
298267091 103
298591130 104
298595196 105
298599269 106
298599271 107
298599664 108
298603633 109
298603693 110
298603730 111
298607673 112
298607679 113
298612190 114
298616588 115
298927224 116
298927362 117
298931489 118
298944444 119
298944479 120
298944745 121
298948785 122
298952944 123
298957166 124
299043389 125
299078990 126
299082033 127
299268507 128
299281245 129
299289811 130
299290105 131
299298381 132
299604862 133
299617529 134
299621755 135
299626157 136
299954300 137
324721026 138
324725187 139
325743813 140
325839288 141
325839302 142
326253554 143
326474963 144
326530038 145
326547252 146
326817334 147
326879917 148
326884223 149
326884331 150
326888433 151
326888609 152
326888627 153
326888675 154
326892322 155
327246381 156
327583395 157
327587644 158
327588074 159
327588225 160
327588446 161
327881747 162
327933008 163
327933027 164
327933061 165
327937494 166
327937506 167
328010530 168
328244591 169
328253133 170
328264983 171
328265389 172
328269766 173
328270395 174
328274638 175
328278449 176
328291093 177
328417092 178
328533761 179
328538408 180
328601956 181
328611004 182
328611654 183
328632707 184
328935472 185
328939480 186
328943204 187
328948348 188
328952123 189
329225149 190
329301513 191
329301762 192
329566174 193
329566197 194
329578247 195
329638509 196
329646990 197
329732855 198
329772284 199
329897255 200
329970706 201
329978745 202
329983926 203
329988112 204
330074324 205
330260421 206
330268940 207
330316013 208
330319983 209
330320065 210
330415332 211
330640044 212
330661529 213
330661573 214
330661786 215
330678844 216
330998090 217
331006655 218
331343089 219
331662710 220
355077858 221
355086967 222
356429209 223
356818551 224
356878521 225
356909006 226
356913605 227
357224041 228
357250005 229
357250238 230
357573154 231
357581846 232
357581860 233
357581939 234
357599074 235
357940977 236
357945155 237
358264919 238
358286194 239
358286442 240
358613806 241
358639742 242
358725902 243
358847551 244
358890923 245
359240396 246
359292188 247
359317340 248
359326764 249
359744514 250
359926787 251
359931311 252
360138182 253
360254108 254
360263797 255
360268385 256
360284300 257
360310976 258
360349882 259
360474485 260
360591860 261
360673271 262
360677632 263
360690414 264
360759031 265
360773196 266
361005850 267
361031397 268
361040812 269
361114148 270
361264970 271
361273559 272
361312146 273
361312808 274
361341837 275
361363973 276
361364000 277
361376643 278
361445621 279
361636071 280
361700223 281
361700674 282
361704572 283
361722354 284
361825416 285
361955066 286
362019898 287
362041442 288
362045855 289
362299997 290
362369976 291
362395402 292
362715189 293
362719326 294
362862047 295
364156501 296
386833850 297
386877197 298
387227028 299
387568523 300
387939094 301
387939267 302
387952104 303
388267095 304
388280249 305
388280297 306
388280322 307
388280529 308
388280541 309
388280610 310
388293131 311
388638672 312
388954086 313
388975834 314
389311717 315
389657555 316
389661909 317
389808550 318
389976940 319
390003153 320
390280026 321
390330983 322
390331214 323
390331583 324
390344260 325
390352384 326
390361224 327
390473497 328
390486371 329
390590450 330
390641835 331
390706983 332
391016873 333
391021712 334
391034580 335
391496898 336
391497219 337
391610069 338
391803510 339
391971839 340
392057736 341
392066096 342
392179333 343
392325925 344
392389970 345
392399005 346
392411222 347
392645419 348
392735903 349
392757094 350
392821837 351
393063351 352
393171256 353
393210919 354
393404592 355
393499533 356
393766777 357
393776005 358
393883499 359
394095053 360
416876055 361
417221397 362
417558532 363
417834021 364
417908800 365
418175238 366
418261858 367
418503161 368
418516266 369
418516470 370
418607079 371
418607328 372
418607477 373
418641700 374
418969927 375
418969956 376
418970095 377
418970154 378
418987009 379
419345606 380
420010739 381
420325753 382
420347328 383
420351087 384
420351828 385
420386244 386
420586101 387
420666689 388
420688062 389
420688241 390
420688294 391
420696828 392
420723066 393
421033734 394
421041565 395
421054850 396
421055181 397
421068062 398
421314273 399
421318649 400
421405157 401
421728750 402
421815053 403
422052346 404
422056477 405
422056521 406
422388958 407
422419397 408
422622063 409
422738252 410
422742649 411
422751191 412
423096449 413
423096943 414
423105632 415
423178587 416
423213589 417
423512063 418
423748579 419
423749262 420
423766084 421
423770604 422
423783704 423
423792217 424
423792440 425
424193116 426
424193645 427
424250610 428
424434994 429
424443911 430
424452682 431
424788926 432
424792976 433
424793122 434
424888924 435
424918786 436
425104178 437
425143700 438
425148091 439
425462513 440
425471220 441
447599745 442
447872055 443
448204394 444
448342846 445
448536695 446
448869118 447
449205588 448
449205611 449
449209971 450
449218986 451
449244969 452
449288517 453
449296930 454
449685778 455
450004974 456
450005014 457
450034902 458
450354788 459
450971893 460
451049385 461
451054039 462
451062462 463
451365099 464
451390676 465
451485030 466
451662040 467
451722668 468
451995306 469
451995734 470
452103083 471
452162916 472
452210677 473
452336897 474
452340995 475
452401052 476
452401246 477
452552124 478
452689494 479
452742028 480
452771533 481
452771913 482
452841283 483
452883920 484
453087379 485
453108601 486
453130054 487
453194635 488
453380528 489
453423834 490
453436589 491
453457927 492
453522986 493
453527730 494
453536107 495
453536432 496
453765256 497
453794660 498
453868924 499
454089465 500
454136171 501
454252960 502
454469072 503
454477603 504
454481372 505
454787848 506
454792422 507
454822542 508
454822714 509
454896445 510
454939928 511
455133591 512
455154890 513
455155337 514
455159380 515
455172836 516
455229034 517
455232361 518
455483094 519
455500416 520
455578166 521
455815977 522
455819680 523
455820184 524
456156825 525
456174330 526
456187010 527
456506289 528
456523994 529
456833888 530
456846996 531
456847092 532
456847100 533
457175171 534
457520516 535
478591447 536
479260891 537
479637825 538
479908320 539
480029788 540
480258208 541
480328501 542
480387478 543
480521586 544
480664837 545
480681197 546
480987689 547
481034861 548
481035392 549
481070027 550
481190355 551
481191030 552
481295335 553
481359062 554
481371769 555
481390070 556
481394217 557
481406868 558
481427934 559
481731074 560
481747302 561
482002172 562
482417237 563
482421242 564
482732443 565
482762280 566
482861459 567
483017681 568
483099193 569
483720758 570
483797945 571
483798285 572
484126552 573
484130600 574
484134987 575
484147730 576
484355328 577
484368420 578
484554412 579
484735637 580
484735678 581
484821546 582
484825371 583
484829654 584
484890037 585
484903253 586
484911881 587
484911954 588
484942773 589
485132675 590
485171192 591
485171425 592
485231414 593
485249150 594
485252796 595
485253580 596
485511772 597
485585976 598
485589846 599
485628489 600
485745069 601
485934965 602
485970020 603
486185442 604
486194398 605
486255488 606
486314976 607
486315287 608
486444857 609
486496648 610
486518323 611
486544396 612
486812022 613
486842208 614
486876782 615
486880919 616
486932201 617
486994024 618
487144598 619
487187476 620
487191620 621
487212916 622
487217638 623
487286529 624
487523851 625
487541595 626
487623053 627
487623337 628
487882168 629
487882906 630
487899426 631
487899562 632
487925037 633
487925063 634
487968933 635
487976781 636
488231898 637
488231939 638
488559952 639
488572496 640
488581156 641
488922181 642
488931037 643
489375496 644
508689623 645
509924185 646
509928946 647
509945954 648
510049477 649
510278421 650
510278853 651
510676580 652
510680365 653
510987433 654
511025402 655
511271574 656
511349908 657
511353266 658
511660697 659
511685969 660
511772101 661
512014262 662
512411244 663
512441111 664
512441442 665
512765816 666
512774096 667
512782759 668
512787296 669
513344531 670
513668146 671
513887940 672
514043443 673
514068564 674
514116545 675
514474716 676
514474879 677
514475106 678
514583142 679
514613165 680
514708179 681
514807275 682
514816333 683
514833145 684
514842241 685
514850616 686
514859045 687
515092013 688
515152792 689
515524209 690
515588291 691
515869245 692
515947324 693
516163285 694
516214576 695
516283789 696
516287961 697
516288120 698
516288489 699
516322115 700
516551382 701
516629544 702
516780722 703
516806504 704
516844782 705
516857964 706
516875221 707
516888016 708
516965856 709
517207902 710
517242832 711
517280671 712
517506265 713
517514142 714
517578770 715
517587356 716
517648018 717
517687607 718
517838657 719
517838849 720
517872280 721
517885151 722
517902689 723
517910959 724
517911104 725
517915796 726
517916020 727
518183562 728
518217691 729
518235177 730
518252747 731
518269350 732
518329528 733
518558825 734
518576422 735
518580489 736
518593663 737
518598175 738
518666806 739
518670779 740
518861029 741
518899665 742
518920893 743
518921865 744
518930199 745
518930220 746
519004170 747
519012059 748
519017242 749
519046655 750
519262429 751
519279166 752
519354028 753
519358587 754
519591210 755
519616809 756
519620935 757
519689333 758
519694628 759
519949044 760
520272258 761
520285559 762
520380132 763
520617773 764
540972196 765
541011631 766
541192496 767
541347811 768
541697718 769
541723810 770
542376096 771
542410481 772
542691005 773
542699260 774
543023799 775
543049093 776
543062097 777
543092817 778
543135607 779
543238468 780
543256347 781
543321179 782
543412036 783
543433461 784
543441466 785
543808842 786
543821838 787
544037996 788
544038123 789
544107243 790
544107335 791
544158940 792
544262349 793
544265891 794
544265926 795
544270890 796
544512309 797
544602598 798
544611593 799
544620289 800
544637659 801
544706811 802
544931723 803
544948071 804
545289059 805
545293653 806
545301965 807
545444996 808
545501062 809
545510060 810
545535468 811
545621581 812
545625900 813
545626238 814
545630021 815
545634347 816
545635037 817
545639454 818
545872467 819
545903200 820
545906392 821
545962610 822
545962614 823
545962750 824
545966796 825
545966857 826
545967081 827
545967453 828
545971196 829
545971266 830
545971748 831
545975516 832
545979714 833
545984286 834
546080131 835
546196205 836
546217818 837
546287086 838
546303574 839
546303624 840
546303917 841
546308189 842
546312139 843
546312597 844
546312618 845
546316427 846
546316520 847
546325197 848
546507208 849
546559025 850
546641039 851
546661830 852
546661879 853
546661881 854
546661929 855
546661963 856
546765551 857
546989945 858
546998916 859
547002880 860
547158593 861
547227734 862
547240545 863
547258283 864
547310321 865
547318128 866
547331291 867
547343857 868
547344214 869
547551580 870
547552266 871
547565159 872
547659321 873
547672046 874
547672057 875
547680689 876
547681002 877
547927681 878
548022079 879
548025953 880
548031014 881
548049064 882
548203966 883
548225503 884
548250936 885
548367306 886
548367416 887
548367533 888
548367581 889
548377264 890
548570973 891
548571023 892
548575149 893
548678665 894
548691397 895
548708363 896
548712377 897
548712900 898
548717604 899
548718226 900
548718289 901
548722538 902
548907426 903
548937579 904
548949855 905
548963433 906
548993536 907
549032115 908
549032154 909
549040631 910
549158040 911
549161688 912
549175510 913
549219101 914
549252548 915
549257678 916
549261610 917
549269622 918
549282467 919
549347735 920
549364820 921
549364902 922
549377217 923
549377612 924
549382144 925
549394502 926
549597974 927
549610772 928
549611256 929
549701100 930
549714149 931
549718224 932
549718297 933
549722579 934
549727330 935
549731284 936
549943673 937
550055393 938
550059489 939
550063565 940
550063806 941
550068041 942
550068399 943
550076798 944
550081317 945
550081666 946
550275952 947
550275987 948
550280614 949
550297695 950
550301858 951
550319575 952
550319585 953
550322829 954
550400302 955
550404663 956
550413322 957
550413337 958
550422109 959
550422384 960
550426732 961
550617370 962
550621853 963
550638250 964
550655668 965
550655959 966
550720698 967
550737387 968
550741296 969
550741323 970
550745787 971
550750102 972
550962648 973
550983795 974
550988122 975
551000891 976
551004984 977
551043841 978
551065761 979
551078480 980
551095369 981
551302781 982
551303686 983
551337690 984
551341782 985
551410783 986
551427936 987
551751968 988
551751981 989
551760443 990
551989415 991
571666434 992
573142557 993
573289993 994
573337611 995
573402255 996
573670049 997
573683438 998
574040939 999
574420970 1000
574511458 1001
574515806 1002
574732075 1003
574736017 1004
574965048 1005
574973454 1006
575197482 1007
575301459 1008
575323308 1009
575426742 1010
575768294 1011
575988538 1012
576082257 1013
576208238 1014
576324665 1015
576475847 1016
576502536 1017
576566223 1018
576566287 1019
576566621 1020
576574889 1021
576683512 1022
576825965 1023
576885542 1024
576898212 1025
576898907 1026
576898923 1027
577002771 1028
577019326 1029
577205270 1030
577244511 1031
577330676 1032
577369038 1033
577373434 1034
577554935 1035
577585079 1036
577697202 1037
577702398 1038
577709776 1039
577710786 1040
577720000 1041
578008551 1042
578016879 1043
578249948 1044
578253910 1045
578254032 1046
578284233 1047
578556621 1048
578587420 1049
578621125 1050
578642656 1051
578690477 1052
578725249 1053
578893446 1054
578919867 1055
578936010 1056
578936603 1057
578936675 1058
578945164 1059
579194975 1060
579230376 1061
579234980 1062
579239039 1063
579268807 1064
579298760 1065
579420623 1066
579425252 1067
579536041 1068
579575594 1069
579596940 1070
579627475 1071
579648510 1072
579700707 1073
579769772 1074
579912201 1075
579946370 1076
579963818 1077
580071186 1078
580287695 1079
580288167 1080
580300616 1081
580317662 1082
580662960 1083
580667978 1084
580680652 1085
580732172 1086
580732377 1087
580736603 1088
580736843 1089
580741415 1090
580745387 1091
580776190 1092
580780309 1093
580987056 1094
581004609 1095
581012908 1096
581013104 1097
581013183 1098
581064707 1099
581099105 1100
581314586 1101
581332573 1102
581336531 1103
581336621 1104
581358486 1105
581405615 1106
581409749 1107
581414714 1108
581432310 1109
581436615 1110
581440626 1111
581648167 1112
581652283 1113
581678043 1114
581685825 1115
581690438 1116
581746661 1117
581746674 1118
581754996 1119
581755530 1120
581755794 1121
581790318 1122
581962275 1123
582027783 1124
582101022 1125
582101205 1126
582139830 1127
582148503 1128
582333967 1129
582372162 1130
582381047 1131
582381054 1132
582473145 1133
582696254 1134
582700300 1135
582709537 1136
583015749 1137
583132200 1138
583150030 1139
602071049 1140
602368546 1141
602476655 1142
602645152 1143
603068370 1144
603167111 1145
603444300 1146
603482385 1147
604070433 1148
604194925 1149
604195063 1150
604195247 1151
604289581 1152
604709727 1153
604856102 1154
604864322 1155
604864392 1156
604976663 1157
604989814 1158
605006733 1159
605166418 1160
605532956 1161
605550395 1162
605554875 1163
605654689 1164
605662705 1165
605999323 1166
606103219 1167
606193500 1168
606340818 1169
606461310 1170
606703149 1171
607195856 1172
607221569 1173
607251100 1174
607260192 1175
607273128 1176
607273339 1177
607592906 1178
607597135 1179
607692113 1180
607700797 1181
607894716 1182
607925257 1183
607929192 1184
607933758 1185
607938091 1186
607955261 1187
608041927 1188
608042044 1189
608261812 1190
608266363 1191
608278754 1192
608283432 1193
608301148 1194
608369629 1195
608377992 1196
608417561 1197
608602824 1198
608628936 1199
608728678 1200
608754263 1201
608926849 1202
608948356 1203
609052312 1204
609289395 1205
609297824 1206
609310926 1207
609513630 1208
609587511 1209
609587594 1210
609591640 1211
609591758 1212
609591823 1213
609591880 1214
609591891 1215
609591989 1216
609630483 1217
609655670 1218
609656444 1219
609660480 1220
609677179 1221
609765114 1222
609773847 1223
609893831 1224
609975449 1225
609979769 1226
609988789 1227
609992451 1228
609993550 1229
609997539 1230
610018976 1231
610061715 1232
610113424 1233
610299911 1234
610312734 1235
610321430 1236
610321522 1237
610329293 1238
610338229 1239
610342229 1240
610351307 1241
610368283 1242
610381395 1243
610601810 1244
610666582 1245
610670860 1246
610722297 1247
610731053 1248
610762153 1249
610800574 1250
610981555 1251
610981584 1252
611015907 1253
611016455 1254
611020135 1255
611029037 1256
611037750 1257
611068232 1258
611089775 1259
611262552 1260
611323310 1261
611340150 1262
611343891 1263
611348784 1264
611352588 1265
611357256 1266
611361002 1267
611361058 1268
611365952 1269
611413241 1270
611452437 1271
611629428 1272
611663250 1273
611693656 1274
611694145 1275
611728142 1276
611776075 1277
611810783 1278
612004584 1279
612034653 1280
612121276 1281
612138999 1282
612307129 1283
612336669 1284
612358673 1285
612367371 1286
612371421 1287
612414168 1288
612436752 1289
612440702 1290
612445325 1291
612638791 1292
612643681 1293
612703762 1294
612712334 1295
612742137 1296
612742165 1297
612742224 1298
612742229 1299
612742248 1300
612742298 1301
612742316 1302
612746557 1303
612746670 1304
612755343 1305
612777140 1306
612790140 1307
613040803 1308
613044611 1309
613066879 1310
613079053 1311
613083298 1312
613083317 1313
613083359 1314
613083375 1315
613126471 1316
613175370 1317
613179816 1318
613338546 1319
613386220 1320
613394707 1321
613398542 1322
613420343 1323
613480833 1324
613520418 1325
613727557 1326
613744224 1327
613744647 1328
613756712 1329
613835914 1330
613874080 1331
614081109 1332
614081151 1333
614172073 1334
614175857 1335
614179968 1336
614413183 1337
614417802 1338
634879889 1339
635541640 1340
635674180 1341
635860358 1342
635878327 1343
635890732 1344
635895000 1345
635908014 1346
636236092 1347
636344136 1348
636356423 1349
636594376 1350
636667489 1351
636944318 1352
637008792 1353
637224582 1354
637393228 1355
637475264 1356
637540087 1357
637621553 1358
637730365 1359
637958190 1360
638040562 1361
638057952 1362
638152829 1363
638312678 1364
638394209 1365
638740232 1366
638748929 1367
638964662 1368
638972808 1369
638985608 1370
638985888 1371
639008013 1372
639050664 1373
639063702 1374
639275368 1375
639318234 1376
639327084 1377
639405054 1378
639585968 1379
639650941 1380
639655157 1381
639655378 1382
639659397 1383
639659514 1384
639762942 1385
639957655 1386
639974538 1387
639995972 1388
640104852 1389
640276971 1390
640596169 1391
640617445 1392
640665331 1393
640691030 1394
640691209 1395
640755994 1396
640963528 1397
641062535 1398
641066630 1399
641355714 1400
641373426 1401
641403248 1402
641464420 1403
641688553 1404
641701225 1405
641709401 1406
641709938 1407
641714522 1408
642024743 1409
642041782 1410
642046803 1411
642171582 1412
642365841 1413
642378701 1414
642387595 1415
642387775 1416
642387793 1417
642504699 1418
642509080 1419
642651049 1420
642660081 1421
642664141 1422
642693620 1423
642694410 1424
642702809 1425
642715276 1426
642715563 1427
642715622 1428
642715875 1429
642720054 1430
642720190 1431
642723975 1432
642724189 1433
642724424 1434
642732835 1435
642763119 1436
642763374 1437
642824051 1438
642846335 1439
642979697 1440
643005055 1441
643039876 1442
643052767 1443
643060819 1444
643073880 1445
643078133 1446
643142863 1447
643152220 1448
643156727 1449
643160749 1450
643329030 1451
643350227 1452
643376222 1453
643389529 1454
643393020 1455
643393688 1456
643398197 1457
643401816 1458
643402037 1459
643475630 1460
643488175 1461
643502004 1462
643502099 1463
643502135 1464
643506462 1465
643531962 1466
643679015 1467
643691163 1468
643721915 1469
643739027 1470
643743142 1471
643760681 1472
643773259 1473
643794320 1474
643847447 1475
643859327 1476
643860525 1477
643864734 1478
643868715 1479
644071614 1480
644079767 1481
644083764 1482
644092984 1483
644113913 1484
644118254 1485
644148539 1486
644148561 1487
644148661 1488
644148705 1489
644153089 1490
644161860 1491
644196793 1492
644218343 1493
644378240 1494
644408508 1495
644412509 1496
644417091 1497
644421171 1498
644425543 1499
644433538 1500
644437931 1501
644442919 1502
644450565 1503
644450686 1504
644529212 1505
644538274 1506
644757911 1507
644761952 1508
644788121 1509
644862107 1510
644862119 1511
644870768 1512
645086558 1513
645094600 1514
645111897 1515
645224664 1516
645228729 1517
645448827 1518
645449236 1519
645456880 1520
645556717 1521
645556898 1522
665479890 1523
665556968 1524
665897487 1525
666200256 1526
666575508 1527
666942960 1528
666994301 1529
667266529 1530
667271225 1531
667279709 1532
667413225 1533
667615836 1534
668065234 1535
668285416 1536
668384542 1537
668618317 1538
668742424 1539
668967527 1540
669075559 1541
669088684 1542
669321086 1543
669325882 1544
669421910 1545
669433549 1546
669649730 1547
669649736 1548
669666822 1549
669670654 1550
669675454 1551
669744300 1552
669965108 1553
669977676 1554
669978138 1555
669990380 1556
670003592 1557
670020922 1558
670024927 1559
670089878 1560
670115770 1561
670353202 1562
670353384 1563
670357457 1564
670357655 1565
670362225 1566
670370149 1567
670370239 1568
670431030 1569
670435003 1570
670435566 1571
670452932 1572
670651346 1573
670681593 1574
670690090 1575
670703141 1576
670772147 1577
670776253 1578
670776480 1579
670785345 1580
670810688 1581
670883838 1582
671035328 1583
671130857 1584
671143850 1585
671234167 1586
671345931 1587
671393987 1588
671449467 1589
671462984 1590
671484332 1591
671657343 1592
671660941 1593
671751354 1594
671756253 1595
671795298 1596
672002621 1597
672041363 1598
672058109 1599
672092798 1600
672149658 1601
672157925 1602
672192070 1603
672390849 1604
672407642 1605
672429275 1606
672490308 1607
672491097 1608
672494647 1609
672494995 1610
672598344 1611
672697926 1612
672723441 1613
672809472 1614
672835284 1615
672840327 1616
672840346 1617
673047760 1618
673068602 1619
673072771 1620
673072855 1621
673073015 1622
673077361 1623
673085197 1624
673085574 1625
673090000 1626
673158826 1627
673181026 1628
673185488 1629
673189141 1630
673405506 1631
673413730 1632
673414084 1633
673418040 1634
673418284 1635
673426911 1636
673426956 1637
673435566 1638
673509195 1639
673513595 1640
673513680 1641
673518025 1642
673518160 1643
673702721 1644
673741976 1645
673746277 1646
673746538 1647
673755123 1648
673758836 1649
673763861 1650
673772212 1651
673772244 1652
673772290 1653
673776769 1654
673841414 1655
673845326 1656
673863199 1657
673867913 1658
674069555 1659
674096140 1660
674108632 1661
674108802 1662
674186774 1663
674195925 1664
674196015 1665
674199553 1666
674200163 1667
674423996 1668
674427795 1669
674446014 1670
674519060 1671
674532291 1672
674532453 1673
674540638 1674
674541239 1675
674545602 1676
674549878 1677
674554589 1678
674558711 1679
674760695 1680
674760884 1681
674781866 1682
674807824 1683
674882237 1684
674882250 1685
674882302 1686
674886219 1687
674886247 1688
674886426 1689
674890909 1690
674903997 1691
675097613 1692
675119034 1693
675127699 1694
675127915 1695
675136878 1696
675144908 1697
675144948 1698
675148961 1699
675153151 1700
675166212 1701
675187509 1702
675187531 1703
675187558 1704
675187572 1705
675187643 1706
675214755 1707
675227374 1708
675244095 1709
675244636 1710
675245573 1711
675442851 1712
675447609 1713
675451588 1714
675455751 1715
675468771 1716
675490204 1717
675490252 1718
675528661 1719
675551068 1720
675555065 1721
675567895 1722
675568335 1723
675577227 1724
675577297 1725
675590677 1726
675767414 1727
675779986 1728
675800740 1729
675800901 1730
675809746 1731
675809900 1732
675822559 1733
675822802 1734
675835107 1735
675883268 1736
675887521 1737
675896290 1738
675913699 1739
676133767 1740
676138357 1741
676262737 1742
676263463 1743
676263706 1744
676479156 1745
676479217 1746
676604409 1747
676604635 1748
676802870 1749
676824431 1750
695469100 1751
695500178 1752
696617609 1753
696617614 1754
696846594 1755
696950427 1756
697265869 1757
697269889 1758
697316795 1759
697640740 1760
697939194 1761
697977988 1762
698224251 1763
698314499 1764
698331117 1765
698443880 1766
698646654 1767
698742094 1768
698772143 1769
698979607 1770
698996246 1771
699031185 1772
699178922 1773
699358695 1774
699363923 1775
699463239 1776
699665498 1777
699687305 1778
699695617 1779
699752330 1780
699998408 1781
700037217 1782
700144964 1783
700335140 1784
700347500 1785
700356592 1786
700377995 1787
700442663 1788
700472947 1789
700481649 1790
700486220 1791
700658962 1792
700683875 1793
700792608 1794
700801298 1795
700805759 1796
700982749 1797
701147064 1798
701151126 1799
701345660 1800
701371011 1801
701383309 1802
701469455 1803
701470006 1804
701501142 1805
701522843 1806
701733434 1807
701742479 1808
701815702 1809
701815778 1810
701824508 1811
702069970 1812
702079023 1813
702079135 1814
702152113 1815
702161043 1816
702199343 1817
702389193 1818
702493502 1819
702506536 1820
702506641 1821
702511002 1822
702730227 1823
702730249 1824
702739659 1825
702760612 1826
702760942 1827
702765785 1828
702843399 1829
702843625 1830
702847749 1831
702847835 1832
702847867 1833
702882168 1834
703050435 1835
703059097 1836
703101952 1837
703106626 1838
703179782 1839
703179848 1840
703188115 1841
703188128 1842
703193246 1843
703193255 1844
703196977 1845
703387200 1846
703421315 1847
703438567 1848
703520780 1849
703520999 1850
703702863 1851
703740639 1852
703779386 1853
703792184 1854
703857506 1855
703857634 1856
703857647 1857
703865775 1858
703866010 1859
703866312 1860
703900244 1861
704078253 1862
704094972 1863
704111734 1864
704116248 1865
704129001 1866
704181203 1867
704211066 1868
704216501 1869
704453006 1870
704466265 1871
704526371 1872
704543953 1873
704548170 1874
704548262 1875
704548608 1876
704552421 1877
704557115 1878
704561517 1879
704583323 1880
704785058 1881
704785187 1882
704785256 1883
704785546 1884
704798196 1885
704816317 1886
704880173 1887
704880200 1888
704889031 1889
704893525 1890
705117582 1891
705118017 1892
705139000 1893
705217250 1894
705225742 1895
705229969 1896
705230543 1897
705234668 1898
705243748 1899
705243820 1900
705454177 1901
705462899 1902
705463175 1903
705463539 1904
705471952 1905
705554290 1906
705554385 1907
705558104 1908
705571469 1909
705575832 1910
705579678 1911
705589058 1912
705597377 1913
705787638 1914
705795727 1915
705816818 1916
705921032 1917
705925937 1918
705934237 1919
705934295 1920
705938591 1921
706145536 1922
706176085 1923
706274906 1924
706275406 1925
706279208 1926
706279799 1927
706283812 1928
706451920 1929
706473389 1930
706508078 1931
706520453 1932
706590422 1933
706602555 1934
706607701 1935
706780344 1936
706819341 1937
706862579 1938
706935923 1939
706948318 1940
706948943 1941
706952287 1942
706952549 1943
706965816 1944
707190304 1945
707190771 1946
707303341 1947
707539688 1948
707622246 1949
707626940 1950
707627039 1951
707837502 1952
707854620 1953
707854989 1954
707858790 1955
707863263 1956
707958716 1957
707962822 1958
708187441 1959
708208811 1960
708545526 1961
725701350 1962
727260872 1963
727276708 1964
727929407 1965
727968539 1966
728625156 1967
728667734 1968
728974338 1969
728995438 1970
729007932 1971
729007988 1972
729358056 1973
729362386 1974
729677428 1975
729698580 1976
729698667 1977
729811378 1978
729867599 1979
729997357 1980
730001920 1981
730006122 1982
730013818 1983
730104740 1984
730118077 1985
730131007 1986
730147829 1987
730147972 1988
730148003 1989
730165570 1990
730368076 1991
730398148 1992
730398229 1993
730454511 1994
730475736 1995
730493835 1996
730497472 1997
730687491 1998
730692294 1999
730709173 2000
730717696 2001
730721558 2002
730730860 2003
730743732 2004
730843416 2005
730843612 2006
731062953 2007
731071789 2008
731140809 2009
731145160 2010
731357364 2011
731434251 2012
731482010 2013
731494823 2014
731524779 2015
731525563 2016
731688775 2017
731689147 2018
732034854 2019
732059827 2020
732064546 2021
732077752 2022
732082028 2023
732086360 2024
732159588 2025
732163357 2026
732177096 2027
732189964 2028
732431788 2029
732487987 2030
732518846 2031
732777416 2032
732885054 2033
733100946 2034
733182574 2035
733192083 2036
733203990 2037
733204605 2038
733399215 2039
733433426 2040
733458828 2041
733796382 2042
733834095 2043
733873838 2044
734088804 2045
734132592 2046
734223288 2047
734327429 2048
734408687 2049
734460065 2050
734460720 2051
734473582 2052
734491001 2053
734547253 2054
734551239 2055
734599550 2056
734754585 2057
734814622 2058
734892616 2059
734901302 2060
735091236 2061
735134301 2062
735250563 2063
735487570 2064
735488299 2065
735509967 2066
735569882 2067
735582897 2068
735772860 2069
735941254 2070
735941543 2071
736109737 2072
736140238 2073
736157288 2074
736174181 2075
736265297 2076
736286550 2077
736291275 2078
736433303 2079
736498255 2080
736502411 2081
736506940 2082
736507123 2083
736597546 2084
736614555 2085
736615092 2086
736618725 2087
736619385 2088
736627575 2089
736779340 2090
736791573 2091
736830579 2092
736860990 2093
736942972 2094
736943136 2095
736951485 2096
736969264 2097
737189212 2098
737231959 2099
737300958 2100
737486877 2101
737491049 2102
737491087 2103
737512824 2104
737607638 2105
737646604 2106
737819547 2107
737824168 2108
737832306 2109
737892940 2110
737970549 2111
737979073 2112
738246510 2113
738652131 2114
738656719 2115
738876690 2116
738876801 2117
738886042 2118
738989372 2119
739002063 2120
739006671 2121
739213376 2122
739226403 2123
739256609 2124
739343385 2125
739567785 2126
739572008 2127
739917109 2128
756623488 2129
757538997 2130
758296423 2131
758674661 2132
758955666 2133
758977730 2134
758990648 2135
759633968 2136
759667315 2137
759681018 2138
759991385 2139
760021137 2140
760034514 2141
760268555 2142
760323253 2143
760358472 2144
760397191 2145
760397222 2146
760487313 2147
760690116 2148
760729207 2149
760733648 2150
760733959 2151
760798618 2152
760806798 2153
760821030 2154
760828908 2155
760845715 2156
761040902 2157
761044410 2158
761083880 2159
761096077 2160
761165432 2161
761182838 2162
761489398 2163
761537199 2164
761744194 2165
761843188 2166
762037782 2167
762058745 2168
762111368 2169
762171741 2170
762184774 2171
762210257 2172
762215286 2173
762274975 2174
762525634 2175
762525980 2176
762526201 2177
762534597 2178
762745906 2179
762745957 2180
762857726 2181
762857949 2182
762871258 2183
763086729 2184
763116783 2185
763116811 2186
763121116 2187
763186493 2188
763448955 2189
763470548 2190
763544185 2191
763807876 2192
763863652 2193
763889196 2194
763890535 2195
764144161 2196
764144274 2197
764148834 2198
764153172 2199
764222141 2200
764412104 2201
764463233 2202
764480568 2203
764817903 2204
764843860 2205
764904200 2206
765145895 2207
765245188 2208
765271846 2209
765495592 2210
765504308 2211
765517214 2212
765564814 2213
765590602 2214
765611896 2215
765823131 2216
765828288 2217
765858328 2218
765870889 2219
765931172 2220
765970508 2221
766126400 2222
766186252 2223
766190829 2224
766255970 2225
766281447 2226
766298734 2227
766303244 2228
766303415 2229
766385551 2230
766505428 2231
766596941 2232
766635463 2233
766653726 2234
766657850 2235
766838498 2236
766863785 2237
766864238 2238
766898803 2239
766958676 2240
766963432 2241
766972501 2242
766972529 2243
766980905 2244
766994128 2245
766998635 2246
767309009 2247
767313008 2248
767313151 2249
767317361 2250
767317461 2251
767321428 2252
767329844 2253
767455273 2254
767473384 2255
767541763 2256
767550563 2257
767615925 2258
767641269 2259
767662994 2260
767903933 2261
767904550 2262
767964866 2263
767982148 2264
767995425 2265
768253675 2266
768301292 2267
768323661 2268
768336083 2269
768341026 2270
768349342 2271
768538968 2272
768590452 2273
768672317 2274
768673135 2275
768677597 2276
768932330 2277
768935840 2278
768983660 2279
769000432 2280
769000618 2281
769000814 2282
769018494 2283
769022355 2284
769039805 2285
769039951 2286
769048155 2287
769195048 2288
769199010 2289
769263962 2290
769264367 2291
769268002 2292
769277177 2293
769350533 2294
769355285 2295
769377106 2296
769553073 2297
769670101 2298
769682628 2299
769691157 2300
769718055 2301
769924974 2302
769937253 2303
770036920 2304
770041705 2305
770249286 2306
770395472 2307
789130596 2308
789398359 2309
789726348 2310
790405385 2311
790417325 2312
790417660 2313
790520994 2314
790641825 2315
790741191 2316
790741674 2317
790745816 2318
790754734 2319
790982851 2320
791043906 2321
791090597 2322
791371842 2323
791384849 2324
791406204 2325
791427589 2326
791457874 2327
791527493 2328
792062042 2329
792113805 2330
792113994 2331
792175182 2332
792450754 2333
792515974 2334
792692885 2335
792800570 2336
792908892 2337
793115804 2338
793128475 2339
793448088 2340
793590678 2341
793595621 2342
793728667 2343
793797279 2344
793892682 2345
793905507 2346
794088227 2347
794225197 2348
794246765 2349
794256078 2350
794406234 2351
794462286 2352
794466376 2353
794574805 2354
794829195 2355
794837606 2356
794919689 2357
794919972 2358
794920152 2359
794945765 2360
794946803 2361
794967711 2362
795187525 2363
795200864 2364
795541800 2365
795546494 2366
795606987 2367
795641312 2368
795814655 2369
795826923 2370
795874440 2371
795943400 2372
795943633 2373
795982766 2374
796193592 2375
796210710 2376
796232909 2377
796288875 2378
796301840 2379
796393522 2380
796543393 2381
796551956 2382
796599303 2383
796616551 2384
796617009 2385
796651131 2386
796755936 2387
796889169 2388
796992363 2389
797014340 2390
797194962 2391
797216612 2392
797255293 2393
797277919 2394
797281464 2395
797282094 2396
797545148 2397
797558130 2398
797562316 2399
797643990 2400
797644437 2401
797661937 2402
797661983 2403
797929588 2404
797981213 2405
797989902 2406
798002859 2407
798322393 2408
798352235 2409
798593797 2410
798667256 2411
798849134 2412
798935342 2413
798939240 2414
799263200 2415
799272106 2416
799521639 2417
799578347 2418
799586652 2419
799613077 2420
799634618 2421
799721287 2422
799868224 2423
799919294 2424
799945378 2425
799949394 2426
800018427 2427
800212579 2428
800212976 2429
800233950 2430
800238269 2431
800264315 2432
800303089 2433
800312353 2434
800368659 2435
800373114 2436
800390041 2437
800579638 2438
800588608 2439
800618162 2440
800622401 2441
800704780 2442
800925392 2443
800937779 2444
800964211 2445
801068349 2446
801257348 2447
801279493 2448
801283077 2449
801399904 2450
801404810 2451
801434494 2452
801671616 2453
801970070 2454
817044778 2455
819725372 2456
820856412 2457
821418392 2458
821444004 2459
821686394 2460
821703262 2461
821728921 2462
821729208 2463
821729315 2464
821729349 2465
821729374 2466
821780859 2467
822078542 2468
822099901 2469
822376419 2470
822380754 2471
822428009 2472
822461999 2473
822505389 2474
822531203 2475
822531456 2476
822562470 2477
822833681 2478
822863807 2479
822907387 2480
823015627 2481
823058891 2482
823144842 2483
823209397 2484
823852745 2485
823879266 2486
823913632 2487
824115747 2488
824128501 2489
824245550 2490
824263198 2491
824275830 2492
824349873 2493
824436554 2494
824457714 2495
824470535 2496
824565895 2497
824823498 2498
824823860 2499
825182392 2500
825186389 2501
825278007 2502
825294962 2503
825489724 2504
825518758 2505
825618641 2506
825644302 2507
825821898 2508
825822254 2509
825989433 2510
825993580 2511
826136822 2512
826567700 2513
826615735 2514
826659627 2515
826844892 2516
826952354 2517
826957102 2518
827016935 2519
827198933 2520
827207454 2521
827323331 2522
827367235 2523
827526960 2524
827673856 2525
827889434 2526
827889523 2527
827893839 2528
827911067 2529
828027702 2530
828234642 2531
828282250 2532
828316115 2533
828316308 2534
828316322 2535
828316734 2536
828359246 2537
828592924 2538
828597380 2539
828627440 2540
828631166 2541
828658169 2542
828662384 2543
828683848 2544
828696781 2545
828705781 2546
828929097 2547
828934059 2548
828955389 2549
828963747 2550
829020447 2551
829024965 2552
829050526 2553
829261936 2554
829279239 2555
829365719 2556
829542849 2557
829636950 2558
829645793 2559
829693574 2560
829697614 2561
829706709 2562
829745114 2563
830034406 2564
830301923 2565
830306703 2566
830384451 2567
830634936 2568
830665034 2569
830950541 2570
830979737 2571
831057494 2572
831291329 2573
831295271 2574
831321033 2575
831325065 2576
831451599 2577
831955277 2578
832007501 2579
832011303 2580
832012249 2581
832016427 2582
832081349 2583
832106535 2584
832107249 2585
832111288 2586
832133283 2587
832301110 2588
832357089 2589
832456945 2590
832646151 2591
832780447 2592
832788806 2593
833017692 2594
833025924 2595
833030138 2596
833043564 2597
850181951 2598
851110676 2599
851114700 2600
852422640 2601
852479643 2602
852763122 2603
852820285 2604
852897751 2605
853173648 2606
853238466 2607
853428443 2608
853437941 2609
853514696 2610
854861445 2611
854883067 2612
854953009 2613
855147657 2614
855181776 2615
855211157 2616
855493136 2617
855630800 2618
855638407 2619
856549718 2620
856662567 2621
856666448 2622
856670426 2623
857235574 2624
857538779 2625
857715717 2626
858453703 2627
858587718 2628
858604252 2629
858604499 2630
858608636 2631
858730688 2632
858738615 2633
858906840 2634
858907062 2635
858928511 2636
858933153 2637
859083245 2638
859265651 2639
859269976 2640
859277690 2641
859277955 2642
859377417 2643
859381489 2644
859554255 2645
859619198 2646
859665971 2647
859666136 2648
859688555 2649
859714144 2650
859736554 2651
859977121 2652
860305498 2653
860314660 2654
860318176 2655
860395984 2656
861005020 2657
861061095 2658
861065482 2659
861073717 2660
861078616 2661
861251038 2662
861251942 2663
861341500 2664
861372060 2665
861583205 2666
861665641 2667
861708626 2668
861769826 2669
862010850 2670
862014446 2671
862023125 2672
862036858 2673
862053324 2674
862278897 2675
862386599 2676
862671913 2677
862697175 2678
862705302 2679
862705904 2680
862722715 2681
862787861 2682
863024591 2683
863059358 2684
863340110 2685
863460836 2686
863496317 2687
863500820 2688
863504548 2689
863698974 2690
863711565 2691
863728315 2692
863815503 2693
863841743 2694
864048288 2695
864048361 2696
864048523 2697
864070221 2698
864073833 2699
864074389 2700
864082741 2701
864169621 2702
864385219 2703
864411332 2704
864738493 2705
881220948 2706
882239837 2707
882580620 2708
882922539 2709
883121695 2710
883177120 2711
883500704 2712
884123412 2713
884204783 2714
884269218 2715
884273795 2716
884320493 2717
884484964 2718
884498779 2719
884636075 2720
884782757 2721
884921013 2722
885253534 2723
885257938 2724
885262090 2725
885262118 2726
885262311 2727
885603106 2728
886259327 2729
886328403 2730
886552797 2731
887015314 2732
887230673 2733
887247648 2734
887278376 2735
887373885 2736
887377287 2737
887588829 2738
887640858 2739
887921032 2740
888146447 2741
888577052 2742
888577071 2743
888935605 2744
888978890 2745
889863729 2746
889975909 2747
890092483 2748
890197225 2749
890287086 2750
890352070 2751
890425079 2752
890619489 2753
890671753 2754
890709439 2755
890801251 2756
891349160 2757
891409875 2758
891474688 2759
891663788 2760
891689909 2761
891771553 2762
892109219 2763
892376241 2764
892376440 2765
892376720 2766
892385258 2767
892398461 2768
892722090 2769
892794705 2770
892997744 2771
893080047 2772
893136529 2773
893136905 2774
893338771 2775
893421054 2776
893460787 2777
893490555 2778
893515939 2779
893710296 2780
893723183 2781
893741163 2782
893754136 2783
893858151 2784
894020730 2785
894163829 2786
894168625 2787
894172798 2788
894362173 2789
894380152 2790
894422413 2791
894500674 2792
894534421 2793
894539977 2794
894551935 2795
894702888 2796
894707517 2797
894724798 2798
894849965 2799
894867675 2800
895091952 2801
895100374 2802
895186781 2803
895441451 2804
895535909 2805
895778605 2806
895791663 2807
910451489 2808
911569552 2809
912583959 2810
912951014 2811
913681721 2812
913810052 2813
914298735 2814
914466864 2815
914665176 2816
914778159 2817
914846465 2818
914850280 2819
915188031 2820
915273417 2821
915299337 2822
915503330 2823
915520244 2824
915605802 2825
915605943 2826
915610561 2827
915615021 2828
915623395 2829
915627746 2830
915913039 2831
915946994 2832
915951309 2833
915960293 2834
915960391 2835
915964748 2836
915981352 2837
916228169 2838
916288408 2839
916296860 2840
916318415 2841
916456567 2842
916569113 2843
916629686 2844
916637896 2845
916646779 2846
916655865 2847
917298286 2848
917643796 2849
917708225 2850
917727045 2851
917919724 2852
918624025 2853
918969339 2854
919168397 2855
919448450 2856
919624822 2857
919672588 2858
919763043 2859
920057227 2860
920091866 2861
920108605 2862
920652764 2863
920657321 2864
920665877 2865
920708433 2866
920738998 2867
920869856 2868
920873167 2869
920951427 2870
920994088 2871
920994194 2872
921015773 2873
921115029 2874
921132358 2875
921438848 2876
921456248 2877
921456312 2878
921667198 2879
921684387 2880
921757789 2881
921814579 2882
922012309 2883
922064306 2884
922069357 2885
922073305 2886
922138567 2887
922146751 2888
922302296 2889
922465929 2890
922595498 2891
922643119 2892
922733254 2893
922815552 2894
922992588 2895
923027316 2896
923131004 2897
923415956 2898
923437549 2899
923752335 2900
923761285 2901
924049792 2902
924429714 2903
924737391 2904
924788221 2905
925052149 2906
925077617 2907
925090871 2908
925228998 2909
925241334 2910
925465972 2911
925548084 2912
925789667 2913
925799233 2914
925803065 2915
925811326 2916
925824977 2917
925876806 2918
925880305 2919
925885748 2920
926238920 2921
926490072 2922
926584037 2923
940791248 2924
945354221 2925
945894581 2926
945928585 2927
946274518 2928
946300206 2929
946300310 2930
946308462 2931
946619892 2932
946990515 2933
947003647 2934
947357688 2935
947391929 2936
947573616 2937
947582284 2938
947681334 2939
947681560 2940
947681574 2941
947685488 2942
947685653 2943
947754897 2944
947858895 2945
947862945 2946
947898091 2947
948260484 2948
948626958 2949
948648575 2950
948851462 2951
948997964 2952
949313055 2953
949347931 2954
950003666 2955
950349500 2956
950659823 2957
950768550 2958
951165633 2959
951381283 2960
951398596 2961
951645198 2962
951670988 2963
951727279 2964
951738965 2965
951808062 2966
951842874 2967
952154184 2968
952158884 2969
952166744 2970
952374245 2971
952525648 2972
952723817 2973
952724101 2974
952736870 2975
952836562 2976
953013850 2977
953039761 2978
953103667 2979
953410147 2980
953414780 2981
953755666 2982
953764033 2983
953855039 2984
954126293 2985
954187572 2986
954222134 2987
954705691 2988
955464899 2989
955888209 2990
956126012 2991
956212778 2992
956518968 2993
956519212 2994
956575157 2995
956575249 2996
956799330 2997
956799414 2998
956820619 2999
956820684 3000
957136611 3001
957157217 3002
957485415 3003
957490056 3004
957856547 3005
958197533 3006
974456295 3007
975197713 3008
976934253 3009
976964834 3010
976994022 3011
977002560 3012
977002744 3013
977006924 3014
977046327 3015
977335062 3016
977338882 3017
977339122 3018
977339225 3019
977339390 3020
977352235 3021
977413163 3022
977598865 3023
977697611 3024
977736804 3025
978056035 3026
978068779 3027
978366493 3028
978681977 3029
978686129 3030
978971398 3031
979001183 3032
979052812 3033
979066072 3034
979368408 3035
980684732 3036
980697872 3037
980978890 3038
980982986 3039
981000564 3040
981129593 3041
981333558 3042
982070626 3043
982079951 3044
982148129 3045
982389963 3046
982416230 3047
982540894 3048
982718586 3049
982722899 3050
982856062 3051
983063787 3052
983067799 3053
983093876 3054
983202377 3055
983426636 3056
983430664 3057
983460640 3058
983522047 3059
983750516 3060
983759126 3061
983767417 3062
983767602 3063
983771898 3064
983888897 3065
983905050 3066
984536209 3067
984799284 3068
984799376 3069
984833702 3070
985481222 3071
985481565 3072
985485221 3073
985510931 3074
985805061 3075
985822469 3076
985839488 3077
986089634 3078
986094132 3079
986098785 3080
986621628 3081
986828383 3082
986879849 3083
986974738 3084
987117151 3085
987190785 3086
987272562 3087
987273073 3088
987833765 3089
987834099 3090
987842109 3091
987877232 3092
987942060 3093
988269593 3094
988291460 3095
988567837 3096
988909130 3097
989228019 3098
1003215282 3099
1005952640 3100
1006928515 3101
1007260806 3102
1007402796 3103
1007640554 3104
1007666180 3105
1007735501 3106
1008024276 3107
1008085163 3108
1008102479 3109
1008369339 3110
1008378448 3111
1008378609 3112
1008391068 3113
1008425971 3114
1008680614 3115
1008693462 3116
1008693605 3117
1008966615 3118
1008970563 3119
1009095570 3120
1009371535 3121
1009578838 3122
1009791141 3123
1010044978 3124
1010235132 3125
1010338583 3126
1010437434 3127
1010713883 3128
1011068028 3129
1011378821 3130
1011482740 3131
1011611587 3132
1011970102 3133
1011996877 3134
1013040388 3135
1013066710 3136
1013113953 3137
1013416131 3138
1013416147 3139
1013425227 3140
1013636956 3141
1013757060 3142
1013779115 3143
1013891539 3144
1014102651 3145
1014107332 3146
1014124309 3147
1014206712 3148
1014223948 3149
1014452870 3150
1014457195 3151
1014461486 3152
1014465452 3153
1014465588 3154
1014465666 3155
1014469498 3156
1014474192 3157
1014539429 3158
1014798169 3159
1014802430 3160
1014820080 3161
1014824204 3162
1014936626 3163
1014936705 3164
1015143077 3165
1015169543 3166
1015458774 3167
1015479949 3168
1015492865 3169
1015570297 3170
1016506999 3171
1016839809 3172
1017168501 3173
1017547830 3174
1017574059 3175
1017647483 3176
1017880794 3177
1017910233 3178
1018009357 3179
1018303586 3180
1018692118 3181
1019214774 3182
1019270475 3183
1019270934 3184
1019322922 3185
1019357327 3186
1019556103 3187
1019607245 3188
1020280792 3189
1020608033 3190
1020608279 3191
1020625448 3192
1034664458 3193
1035393986 3194
1036257907 3195
1036503560 3196
1036637638 3197
1036637830 3198
1036646944 3199
1036987921 3200
1037337131 3201
1037612992 3202
1037979778 3203
1039063931 3204
1039068185 3205
1039076835 3206
1039080957 3207
1039085109 3208
1039141038 3209
1039335355 3210
1039400642 3211
1039426238 3212
1039685005 3213
1039754434 3214
1040328771 3215
1041071176 3216
1041075688 3217
1041666949 3218
1042116109 3219
1042366365 3220
1042724993 3221
1043066007 3222
1043842362 3223
1044262482 3224
1044459902 3225
1044796706 3226
1044800536 3227
1044805646 3228
1044918145 3229
1045141938 3230
1045240983 3231
1045262699 3232
1045263640 3233
1045268099 3234
1045452897 3235
1045482779 3236
1045492192 3237
1045504901 3238
1045513736 3239
1045525957 3240
1045819957 3241
1045850110 3242
1046264861 3243
1046506683 3244
1046873413 3245
1046903356 3246
1047887562 3247
1048172314 3248
1048250312 3249
1048288847 3250
1048289014 3251
1048289697 3252
1048609058 3253
1048647522 3254
1048975307 3255
1049247113 3256
1049261193 3257
1049291085 3258
1049570983 3259
1049571474 3260
1049916348 3261
1049946735 3262
1050016388 3263
1050249353 3264
1050266721 3265
1050581215 3266
1050646637 3267
1050922195 3268
1050935614 3269
1050991297 3270
1051280385 3271
1051281052 3272
1051311534 3273
1051315821 3274
1051980223 3275
1065284812 3276
1066516552 3277
1068436695 3278
1068777508 3279
1069002537 3280
1069489835 3281
1069809216 3282
1070102614 3283
1070103072 3284
1070103331 3285
1070141508 3286
1070422316 3287
1070651567 3288
1070797450 3289
1071121755 3290
1071183464 3291
1071496918 3292
1071519343 3293
1071760480 3294
1071769518 3295
1072063538 3296
1072455791 3297
1072503099 3298
1072507501 3299
1072533704 3300
1072533980 3301
1072779298 3302
1072779568 3303
1072874511 3304
1073069488 3305
1073314797 3306
1075598224 3307
1075611602 3308
1075827302 3309
1076168044 3310
1076173414 3311
1076185604 3312
1076198559 3313
1076224947 3314
1076285102 3315
1076526556 3316
1076539350 3317
1076539598 3318
1076841388 3319
1076893223 3320
1077571786 3321
1078956785 3322
1078978823 3323
1079660882 3324
1081392708 3325
1081659180 3326
1081755066 3327
1081957306 3328
1082005161 3329
1082013851 3330
1099022750 3331
1099043553 3332
1099255933 3333
1099389583 3334
1099397913 3335
1100085251 3336
1100381898 3337
1100801188 3338
1100900138 3339
1101142083 3340
1101474458 3341
1101487727 3342
1102191395 3343
1102514975 3344
1102795781 3345
1102804327 3346
1104155212 3347
1104790425 3348
1106672761 3349
1106888382 3350
1106944058 3351
1107232942 3352
1107561814 3353
1107566171 3354
1107566252 3355
1107578710 3356
1108222244 3357
1109314712 3358
1109599486 3359
1109651526 3360
1109957857 3361
1110307501 3362
1111356585 3363
1111753990 3364
1111757266 3365
1112024879 3366
1112410037 3367
1112431072 3368
1112436285 3369
1112443807 3370
1113354860 3371
1113371819 3372
1113371822 3373
1113717709 3374
1130152325 3375
1130783454 3376
1131827390 3377
1131827565 3378
1131831990 3379
1131836229 3380
1132168481 3381
1132168616 3382
1132168736 3383
1132176882 3384
1132406255 3385
1132526832 3386
1132530992 3387
1133562752 3388
1133839128 3389
1134140939 3390
1134482718 3391
1134849005 3392
1134849078 3393
1135881013 3394
1135898324 3395
1135941181 3396
1135941581 3397
1135984965 3398
1136252170 3399
1136752885 3400
1136852717 3401
1137590955 3402
1138026774 3403
1138212774 3404
1138579549 3405
1138587910 3406
1138627253 3407
1138915459 3408
1139369242 3409
1139909038 3410
1140003523 3411
1140655376 3412
1140655624 3413
1140923511 3414
1140996390 3415
1141324564 3416
1141328881 3417
1141329227 3418
1141350537 3419
1141713514 3420
1142002856 3421
1142049877 3422
1142356576 3423
1143064329 3424
1143108190 3425
1143167974 3426
1143807196 3427
1144761556 3428
1155263986 3429
1158402729 3430
1158691908 3431
1160073701 3432
1160807120 3433
1161459105 3434
1162534149 3435
1162862710 3436
1162871168 3437
1162944117 3438
1163199311 3439
1163552692 3440
1163898298 3441
1164503211 3442
1164545788 3443
1164882751 3444
1165305889 3445
1166674437 3446
1167235473 3447
1167235720 3448
1168283924 3449
1168603800 3450
1168915489 3451
1169277100 3452
1169954704 3453
1170352367 3454
1170404875 3455
1170645699 3456
1171431567 3457
1171690432 3458
1171690479 3459
1172031461 3460
1173029301 3461
1173814525 3462
1175122887 3463
1175433492 3464
1175800378 3465
1190763066 3466
1191315642 3467
1192922295 3468
1193258702 3469
1193599804 3470
1193599901 3471
1195891557 3472
1195999722 3473
1196573432 3474
1196854070 3475
1199327859 3476
1200014419 3477
1200554295 3478
1200619473 3479
1201296549 3480
1201659335 3481
1202677966 3482
1203070528 3483
1204063702 3484
1204124270 3485
1204391417 3486
1204547624 3487
1205090786 3488
1205220831 3489
1206114100 3490
1206153341 3491
1207154756 3492
1220412108 3493
1220434040 3494
1220873910 3495
1220873945 3496
1222187110 3497
1223200775 3498
1223274640 3499
1223388206 3500
1223611056 3501
1223848354 3502
1224293669 3503
1224523027 3504
1224591253 3505
1224595273 3506
1224595608 3507
1224941044 3508
1225290240 3509
1225290633 3510
1226206190 3511
1226296238 3512
1230095228 3513
1231299343 3514
1231679666 3515
1232038141 3516
1232041867 3517
1232344382 3518
1232369902 3519
1233428010 3520
1233501275 3521
1233505806 3522
1233773217 3523
1234481054 3524
1236864195 3525
1236864438 3526
1237179690 3527
1237197175 3528
1237524538 3529
1252966452 3530
1253230203 3531
1254931127 3532
1255630284 3533
1257629175 3534
1259309269 3535
1260197431 3536
1260197510 3537
1260542968 3538
1260883995 3539
1261129711 3540
1262170241 3541
1262360335 3542
1263404948 3543
1263646693 3544
1264186300 3545
1266871604 3546
1268896703 3547
1283173461 3548
1283872218 3549
1284265487 3550
1284312505 3551
1285343852 3552
1286362826 3553
1288953551 3554
1289359184 3555
1291142212 3556
1291374677 3557
1292027772 3558
1292083252 3559
1293892027 3560
1294102958 3561
1295501882 3562
1295855722 3563
1299935493 3564
1300276335 3565
1311487571 3566
1313849992 3567
1315299801 3568
1316245799 3569
1317074822 3570
1320480289 3571
1323454861 3572
1324762843 3573
1325133618 3574
1325138101 3575
1325138112 3576
1325138116 3577
1325405571 3578
1325479712 3579
1326157533 3580
1330008281 3581
1331311183 3582
1343139850 3583
1343891368 3584
1344275238 3585
1345061120 3586
1345596879 3587
1351065769 3588
1353043462 3589
1356173442 3590
1357192528 3591
1361332091 3592
1361668991 3593
1362674294 3594
1374649768 3595
1378440243 3596
1387527359 3597
1387868622 3598
1387881882 3599
1388223120 3600
1388227743 3601
1406362611 3602
1406703818 3603
1407139453 3604
1407398468 3605
1407783264 3606
1408828544 3607
1410516394 3608
1415829386 3609
1417573898 3610
1418572258 3611
1418920942 3612
1418924735 3613
1419909152 3614
1436935320 3615
1438515327 3616
1439155296 3617
1439754917 3618
1440168755 3619
1440462865 3620
1440804168 3621
1444351896 3622
1445522838 3623
1446527869 3624
1448587188 3625
1448591766 3626
1448794542 3627
1448929584 3628
1448936559 3629
1449606569 3630
1449611593 3631
1449947649 3632
1450016008 3633
1450296978 3634
1450634305 3635
1451401873 3636
1455438367 3637
1465630554 3638
1470065021 3639
1471497788 3640
1479618250 3641
1479622707 3642
1480452227 3643
1480653743 3644
1480982992 3645
1481336075 3646
1481336455 3647
1481340761 3648
1482351119 3649
1485786914 3650
1498379140 3651
1501820626 3652
1502532423 3653
1502567833 3654
1502870544 3655
1503552296 3656
1504207129 3657
1506382974 3658
1507933560 3659
1509957347 3660
1510303733 3661
1510648834 3662
1511016097 3663
1512029563 3664
1512034076 3665
1512707390 3666
1514076455 3667
1514775604 3668
1533226802 3669
1533239844 3670
1533265020 3671
1533542078 3672
1533567270 3673
1534270924 3674
1534721340 3675
1535791554 3676
1539309006 3677
1541338954 3678
1543138040 3679
1543949467 3680
1546155976 3681
1564628545 3682
1565608898 3683
1566354821 3684
1570111396 3685
1570922129 3686
1571708235 3687
1572520204 3688
1597287219 3689
1598011458 3690
1600489166 3691
1605181883 3692
1605471724 3693
1605842920 3694
1623262447 3695
1625978349 3696
1628062270 3697
1628135911 3698
1629050586 3699
1629383757 3700
1632055020 3701
1633078450 3702
1633441295 3703
1637171546 3704
1638561518 3705
1638897627 3706
1656683728 3707
1657021094 3708
1659753362 3709
1666561406 3710
1669255212 3711
1671638278 3712
1671952694 3713
1686717182 3714
1688039474 3715
1688409902 3716
1692782686 3717
1696897255 3718
1716082078 3719
1718114551 3720
1719436402 3721
1719746297 3722
1719764109 3723
1719953914 3724
1720088459 3725
1721857844 3726
1722156238 3727
1722164148 3728
1722185618 3729
1723506321 3730
1728942250 3731
1733370882 3732
1748071079 3733
1748092323 3734
1748666238 3735
1750816348 3736
1752888162 3737
1753523046 3738
1753527805 3739
1753535481 3740
1754213254 3741
1757612027 3742
1758962229 3743
1784876854 3744
1784881382 3745
1784891294 3746
1785240458 3747
1785581836 3748
1785926866 3749
1785931916 3750
1786273098 3751
1787636059 3752
1788654858 3753
1791996293 3754
1811163357 3755
1811163598 3756
1811492235 3757
1812493277 3758
1812510378 3759
1812515382 3760
1814604278 3761
1815929980 3762
1815934776 3763
1816284179 3764
1816611349 3765
1816620233 3766
1816621089 3767
1817307538 3768
1817712927 3769
1817998046 3770
1819698673 3771
1820005073 3772
1822686129 3773
1841174731 3774
1843536369 3775
1844249219 3776
1848000962 3777
1848666581 3778
1850387882 3779
1874947561 3780
1875284107 3781
1875288631 3782
1877667406 3783
1878354046 3784
1878354441 3785
1879018709 3786
1879095788 3787
1879385017 3788
1882009576 3789
1883042152 3790
1905977495 3791
1906663903 3792
1906663957 3793
1910066090 3794
1910070652 3795
1910407468 3796
1911438496 3797
1911775733 3798
1914460817 3799
1916485259 3800
1933892078 3801
1937003721 3802
1940419606 3803
1941792709 3804
1942438892 3805
1942452957 3806
1942806972 3807
1943147567 3808
1967353179 3809
1968721678 3810
1970439129 3811
1971462092 3812
1974181774 3813
1997377784 3814
1999751538 3815
2002147259 3816
2002830391 3817
2002837964 3818
2002838841 3819
2003175684 3820
2003862685 3821
2004198088 3822
2004544173 3823
2008571631 3824
2033865410 3825
2033872849 3826
2033873422 3827
2034213892 3828
2034477252 3829
2034550982 3830
2034555457 3831
2035229272 3832
2035229936 3833
2035238470 3834
2035574498 3835
2035906864 3836
2036244317 3837
2064225833 3838
2065244716 3839
2065577319 3840
2066588633 3841
2066605141 3842
2066605922 3843
2066946900 3844
2066950172 3845
2067265009 3846
2067265677 3847
2067597984 3848
2067847820 3849
2092873489 3850
2096272398 3851
2096283582 3852
2096966671 3853
2097303136 3854
2097639393 3855
2098321419 3856
2098995259 3857
2123541376 3858
2123883176 3859
2127659983 3860
2127997003 3861
2130038437 3862
2131023294 3863
2147677469 3864
2157327321 3865
2158682340 3866
2159714246 3867
2159718465 3868
2186293111 3869
2187325736 3870
2187675035 3871
2187680237 3872
2187683348 3873
2188356978 3874
2188361816 3875
2188361989 3876
2190382236 3877
2190745188 3878
2192108884 3879
2192453806 3880
2216261919 3881
2217669773 3882
2219046255 3883
2219046487 3884
2221779613 3885
2223144438 3886
2223148195 3887
2223477154 3888
2249741022 3889
2250418423 3890
2250422894 3891
2250754651 3892
2251437875 3893
2251787239 3894
2253833921 3895
2254523290 3896
2280788907 3897
2282480586 3898
2282485535 3899
2283158828 3900
2283166650 3901
2283171130 3902
2283504379 3903
2284186501 3904
2311456176 3905
2312828760 3906
2313528908 3907
2313853267 3908
2314538529 3909
2315553068 3910
2315898572 3911
2316252268 3912
2316252927 3913
2343199299 3914
2343523062 3915
2343864445 3916
2344887829 3917
2345914819 3918
2373885250 3919
2409016548 3920
5812979948 3921
5812979995 3922
5812980079 3923
5812980103 3924
5812980109 3925
5812980142 3926
5812980147 3927
5812980326 3928
5812980467 3929
5812980470 3930
5812980473 3931
5812980494 3932
5812980514 3933
5812980520 3934
5812980529 3935
5812980658 3936
5812980666 3937
5812980710 3938
5812980732 3939
5812980743 3940
5812980752 3941
5812980884 3942
5812980916 3943
5812981016 3944
5812981199 3945
5812981228 3946
5812981237 3947
5812981240 3948
5812981249 3949
5812981266 3950
5812981268 3951
5812981381 3952
5812981506 3953
5812981517 3954
5812981791 3955
5812981822 3956
5812981840 3957
5812981872 3958
5812982052 3959
5812982122 3960
5812982295 3961
5812982324 3962
5812982711 3963
5812982779 3964
5812982885 3965
5812982936 3966
5812982959 3967
5812982960 3968
5812982970 3969
5812982984 3970
5812982994 3971
5812983110 3972
5812983128 3973
5812983240 3974
5812983258 3975
5812983533 3976
5812983538 3977
5812983636 3978
5812983755 3979
5812983825 3980
5812983831 3981
5812983878 3982
5812984012 3983
5812986121 3984
5812986798 3985
5812987034 3986
5812987773 3987
5812988363 3988
5812989469 3989
5812989861 3990
5812991473 3991
5812991668 3992
5812992091 3993
5812992893 3994
5812993667 3995
5812994710 3996
5812997319 3997
5812997961 3998
5813001678 3999
5813002671 4000
5813004525 4001
5813005012 4002
5813007108 4003
5813008911 4004
5813008934 4005
5813009358 4006
5813009445 4007
5813009554 4008
5813009567 4009
5813009578 4010
5813009595 4011
5813009620 4012
5813009650 4013
5813009653 4014
5813009766 4015
5813009946 4016
5813010212 4017
5813010251 4018
5813010265 4019
5813010266 4020
5813010279 4021
5813010533 4022
5813010748 4023
5813010766 4024
5813010770 4025
5813010801 4026
5813010828 4027
5813010843 4028
5813010938 4029
5813011067 4030
5813011074 4031
5813011125 4032
5813011133 4033
5813011165 4034
5813011166 4035
5813011286 4036
5813011298 4037
5813011320 4038
5813011407 4039
5813011443 4040
5813011471 4041
5813011483 4042
5813011486 4043
5813011493 4044
5813011512 4045
5813011660 4046
5813011858 4047
5813011865 4048
5813012136 4049
5813012193 4050
5813012231 4051
5813012243 4052
5813012255 4053
5813012492 4054
5813012555 4055
5813012619 4056
5813012786 4057
5813012950 4058
5813012964 4059
5813012976 4060
5813012995 4061
5813013194 4062
5813013202 4063
5813013303 4064
5813013315 4065
5813013342 4066
5813013547 4067
5813013616 4068
5813013630 4069
5813013636 4070
5813013652 4071
5813013653 4072
5813013843 4073
5813014032 4074
5813014242 4075
5813014258 4076
5813014341 4077
5813014391 4078
5813014640 4079
5813014693 4080
5813014771 4081
5813014777 4082
5813014793 4083
5813015068 4084
5813015124 4085
5813015327 4086
5813015408 4087
5813015448 4088
5813015594 4089
5813015711 4090
5813016625 4091
5813016631 4092
5813016900 4093
5813016958 4094
5813019513 4095
5813019517 4096
5813019526 4097
5813019560 4098
5813019568 4099
5813019588 4100
5813019607 4101
5813019676 4102
5813019681 4103
5813019732 4104
5813019833 4105
5813019834 4106
5813019850 4107
5813019908 4108
5813020189 4109
5813020284 4110
5813020382 4111
5813020388 4112
5813020673 4113
5813020674 4114
5813020676 4115
5813020684 4116
5813020696 4117
5813020751 4118
5813020785 4119
5813020800 4120
5813020803 4121
5813020817 4122
5813020840 4123
5813020850 4124
5813020855 4125
5813020857 4126
5813020988 4127
5813020993 4128
5813020996 4129
5813021005 4130
5813021046 4131
5813021122 4132
5813021192 4133
5813021223 4134
5813021225 4135
5813021235 4136
5813021238 4137
5813021247 4138
5813021498 4139
5813021564 4140
5813021566 4141
5813021574 4142
5813021602 4143
5813021899 4144
5813022026 4145
5813022160 4146
5813022163 4147
5813022182 4148
5813022192 4149
5813022199 4150
5813022257 4151
5813022259 4152
5813022337 4153
5813022339 4154
5813022343 4155
5813022370 4156
5813022375 4157
5813022404 4158
5813022424 4159
5813022429 4160
5813022459 4161
5813022507 4162
5813022538 4163
5813022567 4164
5813022591 4165
5813022759 4166
5813022814 4167
5813022896 4168
5813022915 4169
5813022923 4170
5813022976 4171
5813024852 4172
5813024933 4173
5813026037 4174
5813026589 4175
5813026592 4176
5813026613 4177
5813026656 4178
5813026661 4179
5813026703 4180
5813026705 4181
5813026745 4182
5813026785 4183
5813027016 4184
5813027592 4185
5813027692 4186
5813027737 4187
5813027826 4188
5813032485 4189
5813032709 4190
5813032847 4191
5813032990 4192
5813033000 4193
5813033033 4194
5813033215 4195
5813033324 4196
5813033379 4197
5813033443 4198
5813033551 4199
5813035230 4200
5813035328 4201
5813035418 4202
5813035694 4203
5813038579 4204
5813038604 4205
5813039860 4206
5813039906 4207
5813039910 4208
5813040000 4209
5813040037 4210
5813040123 4211
5813040133 4212
5813040190 4213
5813040712 4214
5813040766 4215
5813041149 4216
5813041161 4217
5813041169 4218
5813041174 4219
5813041177 4220
5813041237 4221
5813041304 4222
5813041525 4223
5813041610 4224
5813041684 4225
5813041707 4226
5813046185 4227
5813046658 4228
5813046745 4229
5813046951 4230
5813047425 4231
5813047448 4232
5813047739 4233
5813047763 4234
5813048127 4235
5813048229 4236
5813048437 4237
5813048745 4238
5813049102 4239
5813049378 4240
5813049380 4241
5813049481 4242
5813049907 4243
5813049946 4244
5813050455 4245
5813050772 4246
5813052205 4247
5813052909 4248
5813053669 4249
5813053688 4250
5813053712 4251
5813053851 4252
5813053860 4253
5813053891 4254
5813053923 4255
5813054079 4256
5813054204 4257
5813054659 4258
5813054853 4259
5813055298 4260
5813055535 4261
5813055709 4262
5813055749 4263
5813055759 4264
5813055768 4265
5813055769 4266
5813055800 4267
5813055817 4268
5813055904 4269
5813055913 4270
5813055949 4271
5813055999 4272
5813056041 4273
5813056054 4274
5813056057 4275
5813056062 4276
5813056071 4277
5813056101 4278
5813056168 4279
5813056257 4280
5813056261 4281
5813056423 4282
5813056791 4283
5813056881 4284
5813056887 4285
5813056909 4286
5813056917 4287
5813056944 4288
5813056972 4289
5813056979 4290
5813057162 4291
5813057245 4292
5813057461 4293
5813057464 4294
5813057481 4295
5813057738 4296
5813057859 4297
5813057861 4298
5813057864 4299
5813057933 4300
5813057973 4301
5813058008 4302
5813058048 4303
5813058050 4304
5813058222 4305
5813058258 4306
5813058272 4307
5813058319 4308
5813058320 4309
5813058333 4310
5813058342 4311
5813058350 4312
5813058376 4313
5813060068 4314
5813060687 4315
5813060697 4316
5813060701 4317
5813060768 4318
5813060993 4319
5813061024 4320
5813061112 4321
5813061114 4322
5813061260 4323
5813061262 4324
5813061538 4325
5813061642 4326
5813061879 4327
5813061901 4328
5813061974 4329
5813062552 4330
5813062686 4331
5813062838 4332
5813062858 4333
5813062907 4334
5813063093 4335
5813063137 4336
5813063524 4337
5813063587 4338
5813063829 4339
5813064332 4340
5813064485 4341
5813064828 4342
5813065004 4343
5813065365 4344
5813065519 4345
5813066377 4346
5813066983 4347
5813067732 4348
5813067788 4349
5813067963 4350
5813068453 4351
5813068484 4352
5813068575 4353
5813068603 4354
5813068748 4355
5813068769 4356
5813068773 4357
5813069072 4358
5813069497 4359
5813069512 4360
5813069630 4361
5813069683 4362
5813069859 4363
5813069977 4364
5813070070 4365
5813070094 4366
5813070569 4367
5813070991 4368
5813071068 4369
5813071078 4370
5813071257 4371
5813071348 4372
5813071370 4373
5813071475 4374
5813075619 4375
5813075692 4376
5813075748 4377
5813075772 4378
5813075806 4379
5813075824 4380
5813075875 4381
5813075932 4382
5813076043 4383
5813076392 4384
5813077469 4385
5813077488 4386
5813077569 4387
5813077571 4388
5813077929 4389
5813077945 4390
5813077961 4391
5813078068 4392
5813078074 4393
5813078263 4394
5813078487 4395
5813078557 4396
5813078571 4397
5813078621 4398
5813078641 4399
5813078739 4400
5813079192 4401
5813079193 4402
5813079288 4403
5813079417 4404
5813079425 4405
5813080768 4406
5813081474 4407
5813081849 4408
5813081864 4409
5813082239 4410
5813082394 4411
5813082722 4412
5813082780 4413
5813083316 4414
5813083359 4415
5813083733 4416
5813083779 4417
5813083780 4418
5813087620 4419
5813087817 4420
5813087837 4421
5813087848 4422
5813087891 4423
5813087953 4424
5813087991 4425
5813088360 4426
5813088412 4427
5813088458 4428
5813088525 4429
5813088784 4430
5813088939 4431
5813089157 4432
5813089487 4433
5813089869 4434
5813090556 4435
5813091577 4436
5813092319 4437
5813092990 4438
5813094560 4439
5813094598 4440
5813094811 4441
5813096198 4442
5813096638 4443
5813096699 4444
5813096832 4445
5813096913 4446
5813097020 4447
5813097634 4448
5813097926 4449
5813098223 4450
5813098374 4451
5813098776 4452
5813098975 4453
5813100373 4454
5813103626 4455
5813104563 4456
5813105726 4457
5813105778 4458
5813108129 4459
5813108247 4460
5813108370 4461
5813109064 4462
5813109120 4463
5813109198 4464
5813109327 4465
5813111272 4466
5813111989 4467
5813116551 4468
5813117385 4469
5813123042 4470
5813123584 4471
5813123585 4472
5813124162 4473
5813124939 4474
5813126031 4475
5813129271 4476
5813129453 4477
5813129481 4478
5813130028 4479
5813130366 4480
5813132515 4481
5813133463 4482
5813133506 4483
5813133903 4484
5813133917 4485
5813134052 4486
5813134055 4487
5813134082 4488
5813134294 4489
5901118375 4490
5901192948 4491
5901193720 4492
5901193890 4493
5901195945 4494
5901196159 4495
5901196319 4496
5901196628 4497
5901197108 4498
5901197274 4499
5901200903 4500
5901201676 4501
5901201909 4502
5901203310 4503
5901203505 4504
5901203987 4505
5901212906 4506
5901213155 4507
5901213440 4508
5901213624 4509
5901215775 4510
5901215966 4511
5901215971 4512
5901218930 4513
5901220525 4514
5901221584 4515
5901221890 4516
5901225197 4517
5901225755 4518
5901226036 4519
5901227238 4520
5901228218 4521
5901230025 4522
5901231318 4523
5901232053 4524
5901232546 4525
5901232690 4526
6400000773 4527
7112613360 4528
7112613371 4529
7112622044 4530
7112624947 4531
7112624972 4532
7112625063 4533
7112625115 4534
7112625126 4535
7112625282 4536
