293 2042
113 629
67 280
141 619
222 1839
62 293
419 2793
42 146
145 453
153 619
163 546
203 759
226 712
185 662
179 944
172 805
178 707
155 435
90 242
124 410
154 700
131 491
294 1254
187 877
258 3061
64 197
64 148
167 570
45 94
429 2577
176 617
148 1665
123 642
193 1549
60 179
94 344
100 357
92 385
101 491
163 714
162 608
153 710
190 1156
188 1460
171 722
194 717
439 2347
147 747
567 2801
836 17879
86 282
222 2601
44 81
94 337
198 957
120 286
89 405
77 397
205 668
310 2660
137 685
107 383
181 796
52 153
59 267
202 1259
152 1022
180 527
151 785
318 1507
151 874
104 747
126 476
201 674
175 696
152 622
842 5432
518 4411
414 4650
241 1639
150 514
132 464
130 728
735 6142
225 1105
72 211
179 777
166 741
129 477
161 579
94 426
363 1970
76 208
225 1177
100 482
174 1444
151 996
183 1009
185 1027
680 6367
178 637
640 4903
261 1938
181 1025
465 2464
166 628
565 3932
202 696
544 3270
295 1089
228 1131
166 762
985 5688
218 2027
107 336
150 594
196 971
282 1276
127 454
198 1302
129 334
218 1322
622 4853
741 4102
175 691
223 1104
151 504
152 476
105 286
162 426
296 1514
154 1060
331 2255
226 700
267 2005
121 481
113 1171
112 641
58 326
124 339
192 642
148 495
53 194
231 1493
453 2744
197 931
282 1748
485 3378
170 726
156 1175
605 3817
152 314
126 370
172 587
256 1718
469 5256
71 210
1058 11434
206 797
145 979
93 194
236 1116
174 1029
359 2043
84 198
191 891
135 396
96 209
84 196
305 1789
56 214
115 505
116 760
112 810
360 2200
48 197
206 1455
118 429
88 191
237 1285
155 592
377 2270
187 1531
141 1248
442 2958
84 845
464 3666
212 1109
256 1422
343 2461
155 1306
158 599
130 524
259 1315
241 1761
71 150
170 417
104 220
104 367
110 326
180 1148
143 530
369 2598
179 1192
129 542
205 1184
119 353
117 383
285 1250
129 506
316 1605
569 3240
47 125
218 1350
155 814
213 1254
235 1121
144 434
244 1748
583 5403
218 792
701 10725
222 724
2524 40858
44 74
209 540
182 839
218 1054
52 198
334 2219
117 724
218 1131
230 987
341 2768
375 3957
205 1585
129 337
502 3679
126 442
333 1537
252 3841
498 4728
117 620
110 629
105 437
147 1293
108 287
201 1225
126 925
145 829
111 219
441 1918
262 1924
98 332
152 885
130 493
126 434
135 624
147 640
56 162
275 3620
174 323
40 209
115 399
356 2413
122 473
165 986
88 499
590 2422
143 446
151 355
188 443
512 3167
107 259
86 790
441 3137
125 719
138 576
86 365
361 2229
144 1807
79 314
343 1289
359 1685
241 3296
391 3203
151 562
122 955
194 924
120 304
192 1115
145 431
140 687
221 1152
278 1616
50 195
131 396
246 1790
140 502
129 468
104 347
331 2206
136 543
327 2470
156 536
80 216
106 386
169 1102
295 980
808 3556
132 517
90 318
190 985
142 447
376 2044
308 1749
187 1008
51 178
345 2704
443 2407
249 1175
51 183
245 1135
1508 23922
97 373
45 186
477 3573
261 983
233 1066
562 6540
139 257
198 1551
128 637
48 237
98 306
50 176
172 493
322 5033
275 1209
252 1116
333 1790
339 1812
671 4688
570 5981
183 683
99 349
248 1648
445 4927
142 525
202 915
150 1011
82 244
309 995
224 1558
140 609
124 521
195 924
220 1282
198 1201
233 1080
306 1993
107 471
128 400
84 298
410 1465
97 456
118 319
229 873
199 760
142 261
455 3025
398 2824
137 536
187 651
70 177
217 1360
113 400
104 624
88 333
433 1870
84 190
115 452
117 376
147 1137
97 262
216 1133
133 632
325 2625
119 257
66 651
138 428
335 3080
273 1404
59 241
63 266
350 2129
74 255
538 4484
66 182
181 655
237 1472
193 1059
912 17241
95 512
457 3267
78 339
321 1257
84 659
121 636
136 340
344 1168
573 4170
230 1174
152 1067
86 229
202 1423
64 265
173 882
140 429
118 309
148 359
519 2329
212 1661
775 6181
322 1687
109 440
140 1370
147 688
78 386
189 669
23 106
55 176
115 223
226 1019
102 322
192 1713
74 206
27 60
29 103
55 184
243 1802
72 230
19 33
31 71
53 170
67 209
56 181
106 313
283 1670
28 103
16 38
99 912
146 722
71 226
270 1863
245 925
181 615
131 786
167 431
288 1501
154 424
191 395
104 621
127 400
89 263
543 4265
190 624
104 166
29 76
238 760
49 94
144 381
531 5765
126 488
74 283
799 5281
27 115
123 971
139 242
72 190
64 185
343 1588
147 393
170 651
701 4545
200 1188
177 591
75 211
25 41
835 3184
476 5631
126 419
115 284
137 436
269 1104
279 2586
326 2759
183 774
114 1138
314 2024
141 553
77 220
72 384
417 3564
128 839
137 712
270 2303
137 673
153 600
267 1653
217 1122
641 5025
252 1092
145 396
320 1968
135 527
66 404
91 372
67 142
78 377
139 610
106 303
178 1059
193 947
219 840
182 892
102 851
391 1651
197 1651
132 456
134 553
491 2553
61 154
265 1402
52 159
155 598
277 1758
555 3792
259 859
292 1472
460 3462
1009 5461
172 540
116 399
93 214
235 1099
448 5529
596 1788
33 89
217 1911
58 193
485 1655
298 1539
165 526
490 4610
83 236
173 622
50 125
131 342
318 1734
148 458
215 1009
294 1856
146 400
278 906
195 924
319 2090
595 6293
143 2105
211 1278
225 749
131 395
133 529
141 389
538 3039
316 2118
63 277
119 575
71 306
176 702
297 1476
59 120
62 187
376 2853
325 2183
10 13
70 236
141 666
86 200
72 236
143 509
69 150
141 424
487 2697
262 1313
23 34
48 99
88 465
87 234
268 1225
352 2113
149 913
168 1103
274 1964
92 326
190 986
198 1862
321 2916
127 761
76 260
263 2156
229 2515
198 837
254 1589
39 158
148 608
162 766
212 1769
19 27
73 268
75 238
115 321
141 827
114 298
216 899
86 289
155 438
258 1173
116 366
1031 4378
66 491
396 1850
208 1152
349 2195
143 351
121 398
345 2613
202 736
324 1193
94 314
60 212
150 515
99 252
152 401
125 427
92 401
95 381
237 1066
984 4073
104 427
196 1092
186 574
167 624
98 559
318 2136
53 184
240 1675
570 5151
142 590
502 1847
9 12
157 621
122 402
613 2269
133 813
94 314
63 131
227 1507
222 748
504 7370
147 575
149 500
445 2003
374 2147
435 6691
186 764
136 456
112 408
147 569
86 280
74 237
380 4203
532 2716
70 478
90 304
412 3067
279 932
169 567
286 2166
335 6139
335 1847
234 824
292 1163
272 965
257 1123
215 596
167 525
260 889
310 1044
336 2121
75 208
425 2597
369 2366
228 692
375 5477
237 1044
290 1108
149 965
291 1937
71 482
4 5
63 474
132 774
68 577
59 367
73 126
95 350
132 728
42 150
97 314
150 575
274 2799
450 3300
80 250
120 667
245 2550
111 486
561 6600
75 188
92 206
167 463
127 371
34 100
577 2106
83 193
71 358
128 417
234 1596
156 620
202 1039
95 249
104 982
141 375
265 820
202 839
194 819
508 2697
113 376
191 738
306 1762
194 1268
461 2446
114 450
138 1038
78 259
398 5637
83 229
214 1048
218 2073
138 315
8 9
421 1287
238 1188
146 682
365 2309
321 1107
140 456
114 266
165 451
185 1593
197 1872
447 6668
76 298
87 132
138 465
130 359
85 320
123 392
254 2521
2 4
255 1490
368 2209
135 279
413 5314
409 1546
177 731
69 434
155 575
229 1027
108 330
293 1026
218 947
8 10
15 21
4 5
97 336
273 990
143 380
183 498
10 12
133 451
401 1574
398 1779
444 2376
43 145
148 730
152 951
286 1363
8 21
279 1256
123 399
126 442
111 527
191 924
148 487
112 1197
227 3023
91 267
19 44
268 1008
91 389
74 444
811 12508
157 817
208 963
164 859
64 254
422 2452
100 348
339 3335
343 2490
166 501
10 17
158 803
38 156
26 53
252 1305
272 1316
5 5
118 371
167 1278
150 528
5 5
182 684
153 514
61 209
133 547
77 158
145 390
187 618
178 794
75 195
100 244
70 224
133 396
79 206
491 1306
112 413
73 219
61 198
36 80
586 2978
175 604
185 1055
153 609
161 896
344 2087
170 714
60 322
33 56
33 50
208 659
187 922
121 511
194 2575
59 161
257 1223
106 417
137 460
145 673
79 544
157 617
168 576
267 1236
297 1457
2 2
108 300
146 530
223 1221
296 2170
76 170
55 184
71 273
116 382
60 325
118 790
112 349
83 391
50 109
72 226
266 972
258 1132
330 1870
112 406
309 952
192 631
76 244
2 6
149 453
158 700
336 3396
64 388
49 144
483 2376
7 8
122 711
215 927
160 806
267 1909
71 615
65 245
198 813
152 811
154 687
336 2135
243 1052
142 497
85 204
139 346
120 504
225 1644
118 280
138 562
135 400
416 1838
40 82
234 1084
169 734
85 361
198 1531
348 2376
50 107
268 1880
137 662
93 244
162 842
150 404
122 368
57 247
178 1115
83 181
90 269
129 1095
343 1800
418 2071
447 1888
85 294
462 1372
201 1082
57 209
170 431
77 231
78 264
249 1107
170 485
96 231
99 663
201 1623
90 266
6 9
227 1916
69 221
75 297
16 33
26 58
84 267
130 749
207 717
316 2693
11 26
2 2
107 472
187 596
53 166
196 465
173 492
127 868
94 222
71 333
800 2874
66 225
181 504
191 686
5 6
230 985
196 2515
74 502
185 964
188 1024
209 664
190 715
153 670
407 2479
108 409
64 371
99 395
43 104
425 1395
38 115
163 713
202 618
352 1901
246 1575
113 296
69 163
55 144
188 959
276 923
146 627
82 273
394 3249
1 2
17 46
33 96
117 390
132 327
243 1316
390 4017
117 405
115 235
148 1367
60 399
8 11
45 124
43 208
18 32
175 648
156 816
170 950
185 1080
244 780
182 1352
235 1303
261 2365
201 1374
105 405
127 418
108 403
80 250
231 1248
150 655
92 178
391 2410
89 253
40 99
29 65
96 528
28 58
184 883
180 979
214 968
133 652
94 270
140 471
91 807
68 393
105 215
156 778
103 307
167 1050
248 1642
221 890
189 852
237 2035
43 62
276 1660
105 772
23 33
196 731
673 7254
77 280
74 189
104 539
116 289
149 410
273 874
165 481
106 219
275 625
276 2102
180 895
317 2082
379 2328
650 1904
221 1229
192 708
286 1846
44 132
357 1737
83 325
25 72
207 704
181 880
711 2908
300 1515
4 5
160 487
206 701
30 151
203 875
168 1413
166 398
152 335
54 116
158 587
290 3349
147 437
264 799
86 314
196 1098
98 323
188 664
164 961
152 483
88 197
84 221
118 625
99 290
161 361
176 815
70 180
76 451
46 205
236 1026
47 189
92 306
93 296
131 582
371 2061
201 720
114 354
49 143
98 574
92 243
82 251
42 159
205 814
361 1832
85 260
18 28
25 34
79 458
132 390
125 478
86 221
116 643
293 1228
82 194
120 458
58 322
225 1037
68 195
56 441
97 297
110 464
782 6367
70 702
111 351
51 144
45 152
40 117
114 389
338 1080
274 1553
384 2397
37 149
190 840
7 9
2 3
3 3
76 307
19 38
104 291
267 1964
202 565
225 748
5 6
120 607
51 128
223 851
4 8
124 480
99 1147
418 2249
548 3691
145 1042
159 564
57 262
79 360
163 1218
79 275
173 780
7 7
175 623
323 1207
196 830
46 200
124 436
95 359
226 687
84 371
38 87
46 177
147 480
213 1073
58 154
101 258
84 230
186 506
135 492
77 243
11 15
227 1416
212 890
284 694
126 393
56 211
174 864
210 520
134 447
133 422
173 583
59 201
181 821
107 319
83 738
102 322
98 279
105 548
110 566
246 1654
237 1123
94 344
107 247
157 2375
593 4588
188 1112
155 815
128 572
611 5784
212 1774
275 972
93 224
92 354
107 288
214 929
93 203
310 3298
143 498
4 4
22 32
66 137
164 1113
128 906
145 465
140 381
17 21
149 434
59 206
183 661
170 731
183 642
200 1293
152 556
40 205
77 164
93 267
180 1014
68 216
80 334
56 188
233 812
85 347
114 277
100 401
5 8
13 17
51 132
264 1674
44 74
78 428
85 218
142 456
174 828
123 306
259 1469
81 448
116 352
193 531
231 1403
112 366
272 1160
341 1757
107 247
96 215
81 213
47 125
6 13
1 1
181 668
111 269
5 8
3 6
78 308
188 561
344 1630
271 1618
172 1067
66 193
267 711
97 310
96 250
5 7
77 315
259 2403
124 357
127 515
166 520
57 189
115 389
99 244
224 1664
97 216
155 533
207 611
55 148
138 500
10 14
151 448
134 581
56 122
59 196
205 687
213 1755
134 685
123 390
795 11719
142 599
61 142
55 152
62 229
111 397
64 249
275 1043
3 3
259 1078
100 533
145 490
2 2
36 53
186 940
195 2526
185 652
4 8
74 272
214 1224
206 909
110 404
102 232
5 6
4 5
26 49
231 1871
8 17
95 451
99 700
134 1268
42 62
88 311
58 137
47 107
43 103
60 191
83 257
151 467
91 297
108 298
83 228
43 109
190 837
179 726
147 947
201 979
148 450
112 393
8 13
129 388
23 41
159 347
127 462
96 324
304 1527
3 3
13 19
200 634
176 784
96 411
127 415
152 681
267 1477
212 750
208 798
164 558
12 12
9 13
76 131
240 1169
423 3220
328 4382
3 5
158 386
238 725
174 892
62 264
162 532
7 8
356 3820
5 6
57 170
106 879
100 330
61 241
233 1301
110 492
122 1343
128 317
102 264
138 491
142 659
38 132
74 221
103 290
121 412
86 269
77 155
209 718
139 404
93 455
139 441
70 120
62 135
75 193
135 198
182 710
383 1656
118 320
15 25
32 42
7 7
6 6
157 820
174 990
50 156
125 676
11 17
114 510
37 99
63 167
94 314
273 1669
3 4
219 1343
685 3208
204 809
154 402
8 14
135 386
6 8
274 1966
103 271
293 2893
108 268
208 1185
24 60
110 434
63 151
45 140
10 16
96 274
140 347
78 191
80 149
268 2175
210 774
91 198
80 141
81 288
69 251
43 161
71 274
60 210
72 200
5 6
5 8
147 518
133 442
124 450
4 6
16 32
256 1758
193 1897
131 522
74 362
152 552
4 7
161 615
231 1526
60 178
51 102
399 2679
30 50
165 816
211 1560
243 1673
185 777
121 328
127 376
168 665
102 554
108 362
82 196
167 995
144 461
111 334
65 240
91 259
72 131
140 406
15 21
86 168
78 155
120 522
139 628
73 231
111 324
138 482
143 485
143 500
130 396
66 220
131 438
128 495
2 2
5 7
187 651
145 534
152 729
385 3801
162 806
78 203
7 7
8 11
45 173
83 284
113 513
251 3046
108 388
10 12
259 1809
196 1009
215 1280
42 110
120 630
26 61
24 47
313 1456
37 75
16 103
111 351
107 535
96 269
15 32
30 62
98 354
157 530
71 150
135 439
98 273
6 8
36 79
103 288
125 357
243 1676
2 5
427 2384
78 262
82 186
135 476
145 525
143 343
125 404
127 459
154 526
127 382
143 400
137 566
212 929
23 34
370 3270
85 255
203 650
183 680
165 926
23 35
18 27
10 12
7 9
2 2
322 2736
8 9
82 218
57 102
45 206
85 319
93 672
213 1069
22 52
21 62
105 343
158 756
123 361
249 1195
124 342
37 110
137 426
108 359
59 97
552 2955
70 126
102 357
94 479
37 59
3 4
126 402
151 448
127 490
132 396
147 389
5 6
7 9
225 1652
102 299
14 23
194 822
181 1346
193 1263
5 7
184 1368
2 2
80 232
282 1408
227 819
191 877
3 3
192 765
71 317
88 252
72 337
91 391
211 1666
66 151
72 315
69 297
102 597
168 725
192 781
54 97
155 499
46 97
101 391
105 273
517 2818
56 107
42 84
83 413
81 159
94 310
82 161
95 209
104 399
147 452
128 442
152 451
119 480
265 869
88 270
72 148
105 390
7 9
490 6381
200 1469
154 368
47 105
167 675
76 210
233 1261
161 488
83 162
116 296
97 325
102 253
123 390
15 48
302 3844
51 120
61 143
119 477
5 5
12 18
237 1929
7 13
140 964
259 2632
6 6
63 294
177 1035
70 360
52 134
62 194
136 459
69 145
204 562
117 439
58 93
128 381
52 87
81 372
73 162
128 379
38 158
288 2143
143 465
200 1025
286 4682
5 6
121 462
168 3878
111 1187
4 12
119 628
350 1172
305 3946
302 1203
42 115
230 1856
131 555
37 57
145 620
28 67
27 72
57 99
106 657
65 451
144 411
79 215
86 176
85 169
124 1564
15 18
199 1062
106 362
158 510
558 1723
239 646
54 153
13 31
147 580
129 407
108 425
84 325
159 2747
27 64
77 268
88 213
107 352
132 410
97 436
189 1014
48 126
87 625
36 98
44 81
74 406
48 159
36 259
151 490
112 365
132 455
11 13
230 2060
51 143
6 7
2 2
176 1019
105 548
82 778
74 372
91 646
85 543
84 158
181 4027
103 615
63 468
64 522
18 40
79 330
43 93
54 141
240 1712
106 354
124 480
58 173
74 197
93 570
103 224
292 3338
67 132
47 537
1 1
103 1103
151 601
73 330
142 450
337 2313
95 560
271 1137
83 924
84 345
9 13
158 978
138 807
101 306
89 208
123 457
104 457
82 519
266 1635
64 246
4 4
9 13
190 1230
42 96
40 167
26 92
61 191
83 457
118 528
12 15
4 7
6 11
61 204
53 122
42 76
31 52
56 135
108 524
118 489
16 30
103 509
269 1616
9 17
11 26
84 353
13 19
71 674
31 146
54 167
180 1426
104 406
41 125
29 76
102 529
63 219
10 10
357 3243
9 12
218 737
180 1268
93 516
51 167
271 1917
82 387
114 1761
64 228
90 485
7 9
53 76
17 49
53 215
2 4
38 85
128 712
87 311
43 125
8 11
186 1456
78 734
59 394
57 346
196 1811
6 7
5 9
31 146
16 26
61 165
2 2
619 6263
86 340
109 342
6 19
292 1623
6 8
19 36
1 1
94 303
50 84
107 311
37 145
14 115
42 532
391 2298
135 1403
155 2171
11 17
187 2743
19 63
4 8
67 322
759 6304
106 334
23 82
97 1886
4 4
12 13
35 77
2 2
2 2
112 2135
149 1399
113 601
11 28
42 121
5 7
71 152
68 420
76 370
4 4
28 56
40 183
20 55
30 56
101 585
32 62
23 90
92 1552
29 91
14 74
19 193
46 102
4 4
33 118
54 139
2 3
22 65
26 136
296 2405
3 10
2 4
3 3
4 4
217 1341
29 48
184 995
5 5
53 376
35 118
32 86
17 50
123 318
17 209
15 118
115 1049
2 2
30 64
3 5
29 53
51 133
3 3
538 4382
4 5
3 5
113 1537
82 1806
12 21
20 200
93 351
3 6
2 3
33 97
39 108
107 881
282 1304
11 17
38 116
40 211
148 809
42 91
19 52
72 431
32 52
9 47
3 3
11 15
2 2
93 1157
42 499
53 243
11 17
1 1
47 113
28 445
4 5
53 621
65 727
12 31
8 9
48 175
16 56
1 1
2 4
11 94
4 5
11 25
37 77
19 34
4 7
3 5
19 46
12 25
19 47
14 21
13 30
3 7
17 65
4 4
24 36
19 29
32 92
17 41
6 6
5 5
19 175
2 2
24 39
20 56
15 65
22 86
3 4
2 2
4 4
46 128
4 5
8 15
4 6
5 5
38 128
30 88
26 54
18 40
19 92
15 41
15 27
23 33
2 3
10 26
9 17
5 6
2 2
11 19
22 42
85 192
1 1
3 4
17 21
13 39
18 58
12 18
17 22
6 12
17 78
6 6
26 48
3 3
24 96
13 15
7 9
8 18
4 8
38 124
13 20
3 3
11 18
16 44
22 61
2 2
2 3
9 13
5 7
2 2
7 11
5 6
1 1
8 12
7 9
5 6
5 7
24 107
2 2
4 6
1 1
19 56
27 91
14 21
1 2
3 5
2 3
3 5
3 7
2 2
3 3
1 1
2 2
12 38
9 12
6 27
2 4
2 5
6 6
3 3
1 2
10 14
1 2
4 4
98 289
144 527
171 735
179 549
50 114
202 877
122 397
103 307
223 997
166 1183
93 459
213 1376
106 357
254 966
426 2784
163 759
136 708
182 1237
316 1491
634 7078
164 922
199 1069
519 5237
188 623
113 332
125 407
308 2596
202 1315
89 544
99 551
54 338
122 367
147 532
158 919
97 242
208 944
197 2353
367 3567
160 742
43 81
26 49
76 155
71 578
24 44
119 268
29 52
17 77
45 141
18 40
43 640
10 11
21 32
7 8
110 513
114 468
65 213
727 7021
82 188
117 343
94 254
146 540
67 228
62 175
96 480
141 412
36 91
50 117
228 1052
230 885
172 395
102 325
94 367
411 3054
160 380
80 367
194 734
846 2935
111 377
166 320
302 2850
172 728
108 423
188 943
63 424
100 376
187 626
31 53
99 264
166 1030
89 330
58 209
72 318
232 1437
234 723
48 158
316 1080
198 942
95 195
141 355
184 747
103 623
59 190
77 225
97 227
103 701
34 120
142 413
123 462
256 1171
116 462
78 1017
45 91
266 1036
286 1653
139 550
137 715
201 866
116 491
238 1373
345 1347
143 580
164 630
764 4318
275 2281
408 3735
43 209
237 1697
155 684
163 585
370 2240
155 478
310 1429
175 865
165 1096
355 1420
513 5080
210 721
147 1143
247 1104
99 409
292 1274
378 3277
154 810
219 650
382 3133
46 96
296 3327
288 977
88 394
83 569
285 1778
141 664
158 455
127 426
174 454
60 294
112 907
694 5899
141 770
584 3742
574 2995
146 744
545 5731
297 1618
121 540
108 384
48 95
160 305
92 212
37 112
128 595
38 108
12 28
72 253
71 119
62 169
255 788
282 1974
288 945
125 1203
218 737
192 723
214 1471
187 942
56 118
55 132
111 368
92 1838
39 133
13 17
143 1595
321 2056
18 49
34 98
197 2032
66 249
212 1839
79 292
516 2502
94 477
96 280
91 208
237 1861
16 140
61 629
239 869
161 438
157 1179
76 127
456 2958
69 311
148 1082
408 2468
394 2004
590 5298
86 483
207 1193
632 4554
199 806
223 1506
147 726
198 864
82 211
85 345
7 13
129 438
236 1496
378 1732
1024 10778
152 1743
237 1644
98 455
67 163
551 2499
48 397
160 541
263 1951
555 5841
213 1146
319 1725
259 660
432 4011
417 2471
126 547
185 2607
246 944
180 657
172 602
227 652
233 2167
554 2346
91 194
48 95
18 55
410 5026
751 5740
128 517
443 2248
24 43
349 4191
75 277
240 1915
173 712
132 398
105 270
72 215
13 30
141 489
40 131
156 720
243 1337
57 118
130 538
592 4912
6 17
106 1380
594 2624
290 2120
560 1794
139 896
319 1065
327 1050
114 376
151 540
296 1511
225 1232
108 509
210 827
91 267
169 1020
184 593
112 783
9 26
178 751
187 814
218 1831
192 927
134 521
114 358
145 409
108 423
196 2232
98 281
78 405
617 8549
886 7378
60 137
349 2113
85 250
181 708
117 622
49 91
501 3340
91 229
97 175
58 287
43 116
161 820
187 669
102 401
119 606
133 525
136 230
192 552
173 860
2 2
100 301
116 502
263 2015
133 358
67 152
359 2380
277 1281
55 177
460 3266
208 971
205 899
191 780
117 452
97 268
88 321
59 184
116 366
513 4033
303 1713
85 282
65 177
262 1431
111 1088
165 793
103 307
194 930
166 1049
100 297
120 223
141 1271
142 541
533 15864
203 819
99 593
12 37
237 1377
90 551
72 515
3 4
67 259
2 2
45 107
308 2206
136 616
342 2903
8 18
