234630133 1
263674097 2
266187480 3
266187559 4
267214250 5
267223104 6
267551639 7
267564140 8
267896360 9
296199021 10
296203324 11
296203325 12
296203392 13
296203434 14
296203440 15
296531366 16
296535619 17
296535655 18
296855409 19
296859399 20
296885362 21
297217528 22
297230760 23
297563139 24
297580589 25
297584869 26
297588995 27
297908595 28
297917277 29
297917363 30
297917364 31
297917459 32
297917475 33
297921608 34
297925487 35
297925526 36
297925628 37
297929807 38
297929902 39
297929935 40
297930068 41
297934349 42
297938585 43
297947227 44
298241038 45
298254474 46
298254517 47
298258354 48
298258399 49
298258513 50
298258530 51
298258611 52
298258737 53
298262357 54
298262408 55
298262442 56
298262488 57
298262498 58
298262599 59
298262663 60
298266660 61
298266783 62
298266903 63
298267069 64
298599269 65
298599271 66
298599664 67
298603633 68
298603693 69
298603730 70
298607673 71
298612190 72
298927362 73
298944444 74
298944479 75
298952944 76
298957166 77
299289811 78
299290105 79
299617529 80
324721026 81
324725187 82
325743813 83
326253554 84
326474963 85
326879917 86
326884223 87
326884331 88
326888609 89
326888627 90
326888675 91
327587644 92
327588074 93
327588446 94
327881747 95
327933008 96
327933027 97
327933061 98
327937506 99
328010530 100
328244591 101
328265389 102
328274638 103
328278449 104
328533761 105
328611654 106
328935472 107
328939480 108
328943204 109
329225149 110
329301513 111
329301762 112
329566174 113
329566197 114
329638509 115
329646990 116
329970706 117
329983926 118
329988112 119
330316013 120
330319983 121
330415332 122
330640044 123
330678844 124
331343089 125
356429209 126
356878521 127
357250238 128
357573154 129
357581846 130
357599074 131
358264919 132
358639742 133
358725902 134
358847551 135
359317340 136
359744514 137
359931311 138
360138182 139
360268385 140
360310976 141
360349882 142
360474485 143
360591860 144
360677632 145
360690414 146
360773196 147
361005850 148
361031397 149
361114148 150
361312808 151
361341837 152
361363973 153
361364000 154
361376643 155
361445621 156
361700674 157
361722354 158
361825416 159
362299997 160
362719326 161
386833850 162
386877197 163
387568523 164
387939094 165
387952104 166
388267095 167
388280249 168
388293131 169
389311717 170
389808550 171
390003153 172
390330983 173
390331214 174
390352384 175
390473497 176
390590450 177
391016873 178
391497219 179
391610069 180
391971839 181
392389970 182
392757094 183
392821837 184
393063351 185
393499533 186
393776005 187
394095053 188
416876055 189
417221397 190
417558532 191
417908800 192
418175238 193
418503161 194
418607079 195
418607328 196
418607477 197
418969956 198
418970154 199
418987009 200
419345606 201
420010739 202
420325753 203
420351087 204
420351828 205
420586101 206
420666689 207
420688062 208
420688241 209
420696828 210
420723066 211
421041565 212
421055181 213
421405157 214
421815053 215
422056477 216
422056521 217
422419397 218
422622063 219
422738252 220
422742649 221
422751191 222
423096449 223
423101189 224
423213589 225
423749262 226
423792217 227
424193116 228
424250610 229
424434994 230
424443911 231
424452682 232
424792976 233
424793122 234
424918786 235
425104178 236
425143700 237
425148091 238
425471220 239
447599745 240
447872055 241
448342846 242
448869118 243
449205588 244
449244969 245
449288517 246
449296930 247
449685778 248
450034902 249
451049385 250
451062462 251
451365099 252
451390676 253
451485030 254
451662040 255
451722668 256
451995306 257
451995734 258
452340995 259
452552124 260
452689494 261
452771913 262
452883920 263
453108601 264
453130054 265
453457927 266
453527730 267
453536107 268
454477603 269
454481372 270
454787848 271
454822542 272
455155337 273
455159380 274
455229034 275
455500416 276
455578166 277
456187010 278
456506289 279
456523994 280
456833888 281
456847092 282
456847100 283
457520516 284
478591447 285
479260891 286
479908320 287
480029788 288
480258208 289
480328501 290
480387478 291
480681197 292
480987689 293
481035392 294
481070027 295
481191030 296
481295335 297
481359062 298
481371769 299
481390070 300
481394217 301
481406868 302
481731074 303
481747302 304
482417237 305
482732443 306
483017681 307
483720758 308
483797945 309
484130600 310
484134987 311
484147730 312
484368420 313
484735637 314
484821546 315
484829654 316
484890037 317
484942773 318
485249150 319
485511772 320
485589846 321
485628489 322
485745069 323
485934965 324
486185442 325
486255488 326
486544396 327
486842208 328
486876782 329
487187476 330
487212916 331
487286529 332
487541595 333
487623337 334
487882168 335
487882906 336
487899426 337
487925063 338
487968933 339
488231898 340
488572496 341
488581156 342
488922181 343
508689623 344
509924185 345
509928946 346
509945954 347
510049477 348
510278853 349
510676580 350
510680365 351
511660697 352
511685969 353
511772101 354
512014262 355
512765816 356
512787296 357
513344531 358
513668146 359
514043443 360
514068564 361
514116545 362
514474716 363
514474879 364
514475106 365
514613165 366
514708179 367
514807275 368
514816333 369
514833145 370
514842241 371
514850616 372
515092013 373
515152792 374
515524209 375
515588291 376
515869245 377
515947324 378
516163285 379
516283789 380
516287961 381
516288120 382
516551382 383
516780722 384
516806504 385
516844782 386
516965856 387
517242832 388
517578770 389
517587356 390
517838657 391
517872280 392
517910959 393
517915796 394
517916020 395
518217691 396
518269350 397
518558825 398
518580489 399
518598175 400
518670779 401
518861029 402
518930199 403
519004170 404
519046655 405
519354028 406
519616809 407
519694628 408
540972196 409
541011631 410
541697718 411
542376096 412
542410481 413
542691005 414
542699260 415
543049093 416
543062097 417
543092817 418
543135607 419
543412036 420
543433461 421
543821838 422
544037996 423
544038123 424
544158940 425
544265891 426
544265926 427
544611593 428
544620289 429
544706811 430
544948071 431
545289059 432
545293653 433
545444996 434
545501062 435
545510060 436
545535468 437
545621581 438
545625900 439
545626238 440
545903200 441
545906392 442
545962610 443
545962750 444
545966857 445
545967081 446
545971196 447
546080131 448
546217818 449
546303574 450
546303624 451
546303917 452
546316427 453
546559025 454
546641039 455
546661879 456
546661881 457
547158593 458
547227734 459
547240545 460
547258283 461
547318128 462
547331291 463
547344214 464
547551580 465
547552266 466
547565159 467
547659321 468
547672057 469
547927681 470
548049064 471
548225503 472
548570973 473
548678665 474
548708363 475
548712377 476
548712900 477
548722538 478
548937579 479
548949855 480
548963433 481
548993536 482
549161688 483
549269622 484
549282467 485
549347735 486
549364820 487
549364902 488
549394502 489
549597974 490
549722579 491
550059489 492
550063806 493
550068399 494
550081317 495
550081666 496
550275952 497
550297695 498
550301858 499
550319575 500
550322829 501
550400302 502
550422109 503
550426732 504
550617370 505
550621853 506
550638250 507
550655668 508
550745787 509
550750102 510
550962648 511
550988122 512
551303686 513
551337690 514
551751981 515
551989415 516
571666434 517
573142557 518
573289993 519
573337611 520
573402255 521
574040939 522
574511458 523
574515806 524
574732075 525
574736017 526
574965048 527
574973454 528
575197482 529
575301459 530
575323308 531
575768294 532
575988538 533
576082257 534
576324665 535
576475847 536
576502536 537
576566223 538
576566287 539
576566621 540
576574889 541
576825965 542
576898212 543
577002771 544
577205270 545
577244511 546
577330676 547
577554935 548
577702398 549
577709776 550
578008551 551
578254032 552
578284233 553
578556621 554
578621125 555
578642656 556
578690477 557
578725249 558
578919867 559
578936675 560
579194975 561
579230376 562
579234980 563
579239039 564
579268807 565
579425252 566
579536041 567
579575594 568
579700707 569
579912201 570
579946370 571
580071186 572
580287695 573
580288167 574
580300616 575
580662960 576
580680652 577
580732377 578
580736843 579
580780309 580
581004609 581
581013183 582
581064707 583
581099105 584
581336531 585
581336621 586
581358486 587
581409749 588
581414714 589
581432310 590
581436615 591
581440626 592
581652283 593
581746661 594
581754996 595
581755530 596
581755794 597
581790318 598
581962275 599
582027783 600
582381054 601
582696254 602
582700300 603
583132200 604
602071049 605
603068370 606
603167111 607
603482385 608
604070433 609
604195247 610
604289581 611
604709727 612
604864322 613
604864392 614
604976663 615
605166418 616
605550395 617
605554875 618
605654689 619
605999323 620
606103219 621
606193500 622
606340818 623
606461310 624
606703149 625
607221569 626
607251100 627
607273128 628
607273339 629
607597135 630
607700797 631
607925257 632
607929192 633
607933758 634
607938091 635
607955261 636
608261812 637
608278754 638
608283432 639
608369629 640
608377992 641
608602824 642
608926849 643
609513630 644
609591880 645
609591891 646
609591989 647
609655670 648
609656444 649
609660480 650
609893831 651
609975449 652
609979769 653
609992451 654
609993550 655
610018976 656
610113424 657
610312734 658
610321430 659
610321522 660
610329293 661
610338229 662
610342229 663
610351307 664
610666582 665
610670860 666
610722297 667
610981555 668
610981584 669
611015907 670
611016455 671
611020135 672
611029037 673
611037750 674
611089775 675
611340150 676
611343891 677
611357256 678
611361002 679
611361058 680
611365952 681
611629428 682
611693656 683
611728142 684
611810783 685
612034653 686
612307129 687
612336669 688
612367371 689
612371421 690
612712334 691
612742137 692
612742165 693
612742224 694
612742229 695
612742298 696
612742316 697
612746557 698
612746670 699
612755343 700
612777140 701
613040803 702
613044611 703
613066879 704
613079053 705
613083298 706
613083317 707
613175370 708
613394707 709
613480833 710
613744224 711
613835914 712
614081109 713
614172073 714
614175857 715
614413183 716
634879889 717
635541640 718
635674180 719
635878327 720
635890732 721
635895000 722
635908014 723
636236092 724
636344136 725
636594376 726
636667489 727
636944318 728
637008792 729
637393228 730
637475264 731
637621553 732
637730365 733
638040562 734
638152829 735
638394209 736
638985608 737
639008013 738
639063702 739
639275368 740
639327084 741
639405054 742
639650941 743
639655157 744
639655378 745
639659397 746
639995972 747
640276971 748
640596169 749
640665331 750
640691030 751
640691209 752
640755994 753
640963528 754
641373426 755
641688553 756
641709401 757
641709938 758
641714522 759
642024743 760
642041782 761
642046803 762
642387775 763
642387793 764
642504699 765
642509080 766
642651049 767
642715563 768
642715875 769
642723975 770
642724189 771
642732835 772
642763119 773
643039876 774
643052767 775
643060819 776
643073880 777
643152220 778
643156727 779
643160749 780
643329030 781
643389529 782
643393020 783
643393688 784
643401816 785
643402037 786
643475630 787
643721915 788
643739027 789
643743142 790
643773259 791
643794320 792
643864734 793
644071614 794
644079767 795
644083764 796
644113913 797
644148661 798
644153089 799
644412509 800
644421171 801
644425543 802
644433538 803
644450565 804
644538274 805
644757911 806
644761952 807
644788121 808
644862119 809
645086558 810
645111897 811
645449236 812
665479890 813
666200256 814
666575508 815
666994301 816
667266529 817
667271225 818
667413225 819
668285416 820
668384542 821
668742424 822
668967527 823
669075559 824
669088684 825
669421910 826
669433549 827
669649730 828
669649736 829
669670654 830
669965108 831
669978138 832
669990380 833
670020922 834
670089878 835
670115770 836
670353202 837
670357457 838
670362225 839
670370149 840
670370239 841
670703141 842
670785345 843
670883838 844
671035328 845
671130857 846
671234167 847
671345931 848
671462984 849
671657343 850
671660941 851
671751354 852
671756253 853
671795298 854
672041363 855
672092798 856
672407642 857
672429275 858
672490308 859
672494647 860
672494995 861
672598344 862
672697926 863
672723441 864
672835284 865
673068602 866
673085574 867
673090000 868
673158826 869
673181026 870
673189141 871
673405506 872
673426911 873
673435566 874
673509195 875
673513680 876
673758836 877
673772244 878
673772290 879
673841414 880
673845326 881
674069555 882
674096140 883
674108632 884
674108802 885
674196015 886
674423996 887
674427795 888
674446014 889
674532291 890
674541239 891
674545602 892
674554589 893
674781866 894
674882237 895
674882302 896
674886219 897
674886247 898
674886426 899
674890909 900
675127699 901
675127915 902
675144908 903
675153151 904
675166212 905
675187531 906
675245573 907
675442851 908
675447609 909
675490204 910
675528661 911
675568335 912
675577227 913
675767414 914
675800740 915
675800901 916
675809900 917
675822559 918
675822802 919
675887521 920
675913699 921
676133767 922
676138357 923
676479156 924
676479217 925
676824431 926
695500178 927
696617609 928
697265869 929
697269889 930
697316795 931
697939194 932
698314499 933
698443880 934
698742094 935
698772143 936
698979607 937
698996246 938
699178922 939
699358695 940
699363923 941
699463239 942
699687305 943
699695617 944
699998408 945
700037217 946
700335140 947
700377995 948
700481649 949
700658962 950
700683875 951
700982749 952
701147064 953
701345660 954
701371011 955
701383309 956
701469455 957
701733434 958
701742479 959
701815778 960
702069970 961
702079023 962
702079135 963
702152113 964
702199343 965
702389193 966
702493502 967
702506641 968
702730227 969
702760612 970
702760942 971
702843399 972
702843625 973
702847749 974
702847835 975
702882168 976
703059097 977
703101952 978
703179848 979
703188128 980
703193246 981
703387200 982
703438567 983
703520780 984
703520999 985
703779386 986
703857506 987
703857634 988
703857647 989
703866010 990
703866312 991
704111734 992
704116248 993
704129001 994
704453006 995
704466265 996
704548262 997
704548608 998
704552421 999
704785058 1000
704785256 1001
704785546 1002
704816317 1003
705217250 1004
705225742 1005
705229969 1006
705230543 1007
705234668 1008
705243748 1009
705462899 1010
705463175 1011
705463539 1012
705471952 1013
705554385 1014
705575832 1015
705579678 1016
705787638 1017
705795727 1018
705816818 1019
705921032 1020
706176085 1021
706274906 1022
706279799 1023
706283812 1024
706451920 1025
706473389 1026
706508078 1027
706520453 1028
706590422 1029
706819341 1030
706948318 1031
706952287 1032
707190771 1033
707303341 1034
707626940 1035
707627039 1036
707854620 1037
707854989 1038
707858790 1039
707863263 1040
708187441 1041
708208811 1042
708545526 1043
725701350 1044
727929407 1045
728625156 1046
728667734 1047
728974338 1048
729007988 1049
729358056 1050
729698667 1051
730001920 1052
730006122 1053
730104740 1054
730118077 1055
730147829 1056
730147972 1057
730148003 1058
730398148 1059
730398229 1060
730692294 1061
730721558 1062
730843612 1063
731062953 1064
731145160 1065
731494823 1066
731688775 1067
731689147 1068
732059827 1069
732077752 1070
732163357 1071
732431788 1072
732777416 1073
732885054 1074
733100946 1075
733182574 1076
733192083 1077
733204605 1078
733399215 1079
733458828 1080
733796382 1081
733834095 1082
733873838 1083
734132592 1084
734327429 1085
734408687 1086
734473582 1087
734491001 1088
734551239 1089
734599550 1090
734754585 1091
734814622 1092
735488299 1093
735941254 1094
736109737 1095
736140238 1096
736174181 1097
736265297 1098
736433303 1099
736502411 1100
736619385 1101
736791573 1102
736830579 1103
736860990 1104
737189212 1105
737231959 1106
737491049 1107
737491087 1108
737646604 1109
737824168 1110
737832306 1111
737892940 1112
738246510 1113
738656719 1114
739213376 1115
739256609 1116
739567785 1117
739572008 1118
757538997 1119
758674661 1120
758955666 1121
758977730 1122
758990648 1123
759667315 1124
759681018 1125
760021137 1126
760268555 1127
760323253 1128
760358472 1129
760397222 1130
760729207 1131
760821030 1132
760828908 1133
761040902 1134
761096077 1135
761182838 1136
761537199 1137
761843188 1138
762037782 1139
762058745 1140
762274975 1141
762526201 1142
762534597 1143
762745906 1144
762857726 1145
762871258 1146
763086729 1147
763116811 1148
763186493 1149
763470548 1150
763807876 1151
763889196 1152
764144161 1153
764148834 1154
764153172 1155
764222141 1156
764817903 1157
765145895 1158
765245188 1159
765271846 1160
765504308 1161
765564814 1162
765611896 1163
765823131 1164
765931172 1165
766186252 1166
766255970 1167
766385551 1168
766958676 1169
766972501 1170
767317461 1171
767455273 1172
767473384 1173
767903933 1174
767904550 1175
767995425 1176
768590452 1177
768935840 1178
769000432 1179
769000814 1180
769022355 1181
769039951 1182
769199010 1183
769263962 1184
769268002 1185
769355285 1186
769553073 1187
769670101 1188
769718055 1189
769924974 1190
769937253 1191
770249286 1192
789130596 1193
789398359 1194
790405385 1195
790417325 1196
790417660 1197
790520994 1198
790641825 1199
790741191 1200
790982851 1201
791043906 1202
791090597 1203
791427589 1204
791527493 1205
792062042 1206
792175182 1207
792450754 1208
793590678 1209
793797279 1210
793892682 1211
793905507 1212
794246765 1213
794462286 1214
794466376 1215
794920152 1216
794945765 1217
794946803 1218
794967711 1219
795187525 1220
795546494 1221
795606987 1222
795826923 1223
796193592 1224
796210710 1225
796232909 1226
796301840 1227
796393522 1228
796543393 1229
796599303 1230
796755936 1231
796889169 1232
796992363 1233
797194962 1234
797255293 1235
797277919 1236
797281464 1237
797545148 1238
797644437 1239
798322393 1240
798939240 1241
799263200 1242
799521639 1243
799578347 1244
799586652 1245
800212579 1246
800212976 1247
800233950 1248
800238269 1249
800303089 1250
800373114 1251
800588608 1252
800622401 1253
800704780 1254
800925392 1255
800937779 1256
801068349 1257
801257348 1258
801283077 1259
801671616 1260
801970070 1261
820856412 1262
821418392 1263
821686394 1264
821728921 1265
821729208 1266
821729315 1267
821729349 1268
821729374 1269
822078542 1270
822376419 1271
822380754 1272
822428009 1273
822461999 1274
822505389 1275
822562470 1276
822833681 1277
823058891 1278
823209397 1279
823852745 1280
823879266 1281
824115747 1282
824275830 1283
824349873 1284
824457714 1285
825182392 1286
825186389 1287
825278007 1288
825489724 1289
825518758 1290
825618641 1291
825821898 1292
825822254 1293
826136822 1294
826659627 1295
826844892 1296
827016935 1297
827526960 1298
827673856 1299
827889523 1300
827893839 1301
827911067 1302
828282250 1303
828316115 1304
828316308 1305
828316322 1306
828316734 1307
828627440 1308
828658169 1309
828934059 1310
828955389 1311
829020447 1312
829024965 1313
829050526 1314
829279239 1315
829636950 1316
829693574 1317
830634936 1318
831057494 1319
831291329 1320
831295271 1321
832111288 1322
832301110 1323
832646151 1324
833043564 1325
850181951 1326
851110676 1327
851114700 1328
852422640 1329
852763122 1330
852897751 1331
853173648 1332
853437941 1333
853514696 1334
854883067 1335
854953009 1336
855147657 1337
855181776 1338
855493136 1339
855638407 1340
856670426 1341
858453703 1342
858604499 1343
858906840 1344
858907062 1345
858928511 1346
859265651 1347
859381489 1348
859665971 1349
859688555 1350
859736554 1351
860305498 1352
860395984 1353
861005020 1354
861061095 1355
861065482 1356
861251038 1357
861251942 1358
861341500 1359
861372060 1360
861583205 1361
861665641 1362
862010850 1363
862053324 1364
862278897 1365
862671913 1366
862697175 1367
862722715 1368
863059358 1369
863340110 1370
863500820 1371
863504548 1372
863698974 1373
864048288 1374
881220948 1375
882239837 1376
882922539 1377
883500704 1378
884123412 1379
884269218 1380
884273795 1381
884320493 1382
884636075 1383
885253534 1384
885257938 1385
885262090 1386
885262118 1387
886328403 1388
887015314 1389
887230673 1390
887588829 1391
887640858 1392
887921032 1393
888146447 1394
888577071 1395
888978890 1396
889863729 1397
890092483 1398
890197225 1399
890425079 1400
890619489 1401
890671753 1402
891409875 1403
891474688 1404
891663788 1405
891771553 1406
892109219 1407
892376241 1408
892376440 1409
892385258 1410
892398461 1411
892722090 1412
893338771 1413
893421054 1414
893515939 1415
893710296 1416
893741163 1417
893754136 1418
894020730 1419
894163829 1420
894362173 1421
894380152 1422
894702888 1423
894724798 1424
895091952 1425
895100374 1426
895441451 1427
895791663 1428
910451489 1429
911569552 1430
912583959 1431
913681721 1432
914298735 1433
914466864 1434
914778159 1435
914850280 1436
915188031 1437
915273417 1438
915503330 1439
915520244 1440
915605802 1441
915623395 1442
915627746 1443
915946994 1444
915951309 1445
915960293 1446
915964748 1447
915981352 1448
916456567 1449
916637896 1450
916646779 1451
917298286 1452
917643796 1453
917919724 1454
919168397 1455
920108605 1456
920652764 1457
920657321 1458
920665877 1459
920708433 1460
920869856 1461
920873167 1462
921684387 1463
922012309 1464
922073305 1465
922302296 1466
922595498 1467
922643119 1468
922992588 1469
923415956 1470
923752335 1471
923761285 1472
924049792 1473
924737391 1474
924788221 1475
925052149 1476
925077617 1477
925090871 1478
925241334 1479
925799233 1480
925811326 1481
925824977 1482
926490072 1483
926584037 1484
940791248 1485
945354221 1486
945928585 1487
946274518 1488
946300310 1489
946308462 1490
946619892 1491
947003647 1492
947573616 1493
947582284 1494
947681334 1495
947681560 1496
947681574 1497
947685653 1498
947754897 1499
947858895 1500
947862945 1501
947898091 1502
948626958 1503
948648575 1504
948851462 1505
951645198 1506
951808062 1507
952158884 1508
952166744 1509
952374245 1510
952525648 1511
952724101 1512
953013850 1513
953039761 1514
953103667 1515
953410147 1516
953414780 1517
954705691 1518
956126012 1519
956518968 1520
957485415 1521
958197533 1522
975197713 1523
976934253 1524
976964834 1525
976994022 1526
977002560 1527
977339122 1528
977339225 1529
977352235 1530
977413163 1531
977598865 1532
977697611 1533
978056035 1534
978068779 1535
978681977 1536
978686129 1537
978971398 1538
979001183 1539
979066072 1540
979368408 1541
980978890 1542
980982986 1543
981000564 1544
982070626 1545
982389963 1546
983063787 1547
983067799 1548
983093876 1549
983202377 1550
983426636 1551
983430664 1552
983522047 1553
983750516 1554
983767417 1555
983767602 1556
983771898 1557
984536209 1558
984799284 1559
984833702 1560
985510931 1561
985839488 1562
986089634 1563
986098785 1564
986974738 1565
987117151 1566
987273073 1567
987842109 1568
988567837 1569
988909130 1570
989228019 1571
1003215282 1572
1005952640 1573
1006928515 1574
1007260806 1575
1008024276 1576
1008085163 1577
1008102479 1578
1008369339 1579
1008391068 1580
1008693605 1581
1008966615 1582
1008970563 1583
1009371535 1584
1009578838 1585
1010044978 1586
1010235132 1587
1010437434 1588
1011378821 1589
1011482740 1590
1011970102 1591
1013040388 1592
1013066710 1593
1013113953 1594
1013416147 1595
1013757060 1596
1013779115 1597
1014102651 1598
1014107332 1599
1014223948 1600
1014457195 1601
1014461486 1602
1014465452 1603
1014465588 1604
1014465666 1605
1014474192 1606
1014802430 1607
1014824204 1608
1015143077 1609
1015458774 1610
1015479949 1611
1017547830 1612
1017880794 1613
1018009357 1614
1019214774 1615
1019270475 1616
1019270934 1617
1020608033 1618
1020608279 1619
1020625448 1620
1035393986 1621
1036257907 1622
1036503560 1623
1036637830 1624
1036646944 1625
1036987921 1626
1037337131 1627
1037612992 1628
1039063931 1629
1039068185 1630
1039085109 1631
1039400642 1632
1039426238 1633
1039685005 1634
1039754434 1635
1041071176 1636
1041075688 1637
1041666949 1638
1042116109 1639
1042366365 1640
1042724993 1641
1044459902 1642
1044796706 1643
1044800536 1644
1044805646 1645
1044918145 1646
1045141938 1647
1045268099 1648
1045452897 1649
1045513736 1650
1048250312 1651
1048289014 1652
1048609058 1653
1048975307 1654
1049247113 1655
1049261193 1656
1049571474 1657
1049946735 1658
1050016388 1659
1050249353 1660
1050581215 1661
1050922195 1662
1050935614 1663
1050991297 1664
1051980223 1665
1065284812 1666
1066516552 1667
1068436695 1668
1068777508 1669
1069002537 1670
1070103072 1671
1070103331 1672
1070141508 1673
1070422316 1674
1070651567 1675
1071121755 1676
1071183464 1677
1071496918 1678
1071519343 1679
1071760480 1680
1071769518 1681
1072063538 1682
1072455791 1683
1072503099 1684
1072507501 1685
1072533980 1686
1072779298 1687
1072779568 1688
1072874511 1689
1073069488 1690
1073314797 1691
1075598224 1692
1075611602 1693
1076168044 1694
1076173414 1695
1076185604 1696
1076198559 1697
1076841388 1698
1078956785 1699
1081957306 1700
1099043553 1701
1099389583 1702
1100085251 1703
1100801188 1704
1101142083 1705
1101474458 1706
1102191395 1707
1102795781 1708
1102804327 1709
1104155212 1710
1104790425 1711
1106888382 1712
1106944058 1713
1107561814 1714
1107566171 1715
1107566252 1716
1108222244 1717
1109314712 1718
1109651526 1719
1111757266 1720
1112024879 1721
1112436285 1722
1112443807 1723
1113354860 1724
1130783454 1725
1132168616 1726
1132168736 1727
1132176882 1728
1132406255 1729
1133562752 1730
1133839128 1731
1134140939 1732
1134849078 1733
1135881013 1734
1135898324 1735
1135941181 1736
1135941581 1737
1135984965 1738
1136252170 1739
1136852717 1740
1137590955 1741
1138026774 1742
1138212774 1743
1138587910 1744
1138627253 1745
1138915459 1746
1139909038 1747
1140923511 1748
1141713514 1749
1143167974 1750
1143807196 1751
1144761556 1752
1158402729 1753
1158691908 1754
1160073701 1755
1161459105 1756
1162534149 1757
1162862710 1758
1162944117 1759
1163552692 1760
1164503211 1761
1164545788 1762
1164882751 1763
1165305889 1764
1166674437 1765
1167235473 1766
1167235720 1767
1168915489 1768
1169954704 1769
1170352367 1770
1170645699 1771
1172031461 1772
1173029301 1773
1175433492 1774
1192922295 1775
1193258702 1776
1193599901 1777
1195891557 1778
1195999722 1779
1199327859 1780
1200014419 1781
1200554295 1782
1200619473 1783
1201659335 1784
1202677966 1785
1204063702 1786
1220412108 1787
1220434040 1788
1222187110 1789
1223274640 1790
1223388206 1791
1223611056 1792
1223848354 1793
1224293669 1794
1224523027 1795
1224591253 1796
1226206190 1797
1230095228 1798
1231679666 1799
1232038141 1800
1232041867 1801
1232369902 1802
1236864438 1803
1237179690 1804
1257629175 1805
1260197431 1806
1260197510 1807
1260542968 1808
1260883995 1809
1261129711 1810
1262360335 1811
1263404948 1812
1263646693 1813
1283173461 1814
1284265487 1815
1284312505 1816
1285343852 1817
1288953551 1818
1289359184 1819
1291142212 1820
1291374677 1821
1292027772 1822
1292083252 1823
1294102958 1824
1295855722 1825
1300276335 1826
1311487571 1827
1313849992 1828
1315299801 1829
1316245799 1830
1317074822 1831
1320480289 1832
1323454861 1833
1325133618 1834
1325138101 1835
1325138116 1836
1325405571 1837
1325479712 1838
1326157533 1839
1330008281 1840
1331311183 1841
1343891368 1842
1344275238 1843
1345061120 1844
1345596879 1845
1351065769 1846
1353043462 1847
1356173442 1848
1357192528 1849
1361668991 1850
1362674294 1851
1374649768 1852
1378440243 1853
1387527359 1854
1387868622 1855
1387881882 1856
1388223120 1857
1388227743 1858
1406362611 1859
1406703818 1860
1407139453 1861
1407398468 1862
1407783264 1863
1408828544 1864
1410516394 1865
1415829386 1866
1418572258 1867
1418920942 1868
1418924735 1869
1419909152 1870
1438515327 1871
1439155296 1872
1439754917 1873
1440462865 1874
1444351896 1875
1446527869 1876
1448587188 1877
1448591766 1878
1448794542 1879
1448929584 1880
1448936559 1881
1449606569 1882
1449611593 1883
1449947649 1884
1450016008 1885
1450634305 1886
1455438367 1887
1465630554 1888
1470065021 1889
1471497788 1890
1479618250 1891
1480452227 1892
1480653743 1893
1480982992 1894
1481340761 1895
1482351119 1896
1485786914 1897
1498379140 1898
1501820626 1899
1502532423 1900
1502567833 1901
1504207129 1902
1506382974 1903
1507933560 1904
1510303733 1905
1510648834 1906
1511016097 1907
1512029563 1908
1512034076 1909
1512707390 1910
1514076455 1911
1514775604 1912
1533226802 1913
1533239844 1914
1533542078 1915
1533567270 1916
1534270924 1917
1534721340 1918
1535791554 1919
1541338954 1920
1543949467 1921
1546155976 1922
1564628545 1923
1565285353 1924
1565608898 1925
1566354821 1926
1570111396 1927
1570922129 1928
1571708235 1929
1597287219 1930
1598011458 1931
1600489166 1932
1605181883 1933
1605471724 1934
1605842920 1935
1623262447 1936
1625978349 1937
1628062270 1938
1629383757 1939
1632055020 1940
1633078450 1941
1637171546 1942
1638561518 1943
1638897627 1944
1656683728 1945
1657021094 1946
1659753362 1947
1666561406 1948
1669255212 1949
1671952694 1950
1686717182 1951
1688039474 1952
1688409902 1953
1692782686 1954
1696897255 1955
1716082078 1956
1719436402 1957
1719746297 1958
1719764109 1959
1719953914 1960
1721857844 1961
1722156238 1962
1722164148 1963
1722185618 1964
1728942250 1965
1733370882 1966
1748071079 1967
1748092323 1968
1748666238 1969
1750816348 1970
1752888162 1971
1753523046 1972
1753527805 1973
1753535481 1974
1754213254 1975
1757612027 1976
1758962229 1977
1784876854 1978
1784891294 1979
1785581836 1980
1785931916 1981
1786273098 1982
1787636059 1983
1788654858 1984
1791996293 1985
1811163357 1986
1811163598 1987
1811492235 1988
1812493277 1989
1812510378 1990
1812515382 1991
1814604278 1992
1815929980 1993
1815934776 1994
1816611349 1995
1816620233 1996
1816621089 1997
1817307538 1998
1817712927 1999
1817998046 2000
1819698673 2001
1820005073 2002
1822686129 2003
1841174731 2004
1843536369 2005
1844249219 2006
1848000962 2007
1848666581 2008
1850387882 2009
1874947561 2010
1875284107 2011
1877667406 2012
1878354046 2013
1878354441 2014
1879018709 2015
1882009576 2016
1883042152 2017
1905977495 2018
1906663903 2019
1910066090 2020
1910070652 2021
1910407468 2022
1911438496 2023
1911775733 2024
1914460817 2025
1916485259 2026
1933892078 2027
1937003721 2028
1939050870 2029
1940419606 2030
1942438892 2031
1942452957 2032
1942806972 2033
1943147567 2034
1967353179 2035
1968721678 2036
1970439129 2037
1971462092 2038
1972477099 2039
1974181774 2040
1997377784 2041
1999751538 2042
2002147259 2043
2002830391 2044
2002837964 2045
2002838841 2046
2003175684 2047
2003862685 2048
2004198088 2049
2004544173 2050
2008571631 2051
2033865410 2052
2033872849 2053
2033873422 2054
2034213892 2055
2034477252 2056
2034550982 2057
2034555457 2058
2035229272 2059
2035229936 2060
2035238470 2061
2035574498 2062
2035906864 2063
2036244317 2064
2064225833 2065
2065244716 2066
2065577319 2067
2066588633 2068
2066605141 2069
2066605922 2070
2066946900 2071
2066950172 2072
2067265009 2073
2067265677 2074
2067597984 2075
2067847820 2076
2092873489 2077
2096272398 2078
2096283582 2079
2096966671 2080
2097303136 2081
2097639393 2082
2098321419 2083
2098995259 2084
2123541376 2085
2123883176 2086
2127659983 2087
2127997003 2088
2130038437 2089
2131023294 2090
2147677469 2091
2157327176 2092
2157327321 2093
2158682340 2094
2159714246 2095
2159718465 2096
2186293111 2097
2187325736 2098
2187675035 2099
2187680237 2100
2187683348 2101
2188356978 2102
2188361816 2103
2188361989 2104
2190382236 2105
2190745188 2106
2192108884 2107
2192453806 2108
2216261919 2109
2217669773 2110
2219046255 2111
2219046487 2112
2221779613 2113
2223144438 2114
2223148195 2115
2223477154 2116
2249741022 2117
2250418423 2118
2250422894 2119
2250754651 2120
2251437875 2121
2251778373 2122
2253833921 2123
2254523290 2124
2280788907 2125
2282480586 2126
2282485535 2127
2283158828 2128
2283166650 2129
2283166821 2130
2283171130 2131
2283504379 2132
2284186501 2133
2285209141 2134
2311456176 2135
2312828760 2136
2313528908 2137
2313853267 2138
2314538529 2139
2315553068 2140
2315553917 2141
2315898572 2142
2316252268 2143
2316252927 2144
2343199299 2145
2343523062 2146
2343864445 2147
2344887829 2148
2345914819 2149
2347274239 2150
2373885250 2151
2377972598 2152
2409016548 2153
5812979948 2154
5812980103 2155
5812980109 2156
5812980142 2157
5812980467 2158
5812980470 2159
5812980473 2160
5812980494 2161
5812980520 2162
5812980529 2163
5812980658 2164
5812980666 2165
5812980710 2166
5812980743 2167
5812980884 2168
5812980916 2169
5812981016 2170
5812981228 2171
5812981237 2172
5812981381 2173
5812981506 2174
5812981517 2175
5812981791 2176
5812982052 2177
5812982122 2178
5812982295 2179
5812982324 2180
5812982711 2181
5812982885 2182
5812982936 2183
5812982959 2184
5812982984 2185
5812982994 2186
5812983110 2187
5812983128 2188
5812983240 2189
5812983825 2190
5812983831 2191
5812983878 2192
5812984012 2193
5812986121 2194
5812986798 2195
5812987034 2196
5812988363 2197
5812989861 2198
5812991473 2199
5812992091 2200
5812992893 2201
5812993667 2202
5812994710 2203
5812997961 2204
5813002671 2205
5813005012 2206
5813008934 2207
5813009358 2208
5813009578 2209
5813009620 2210
5813009766 2211
5813009946 2212
5813010212 2213
5813010265 2214
5813010266 2215
5813010279 2216
5813010748 2217
5813010828 2218
5813010843 2219
5813010938 2220
5813011074 2221
5813011125 2222
5813011133 2223
5813011165 2224
5813011166 2225
5813011298 2226
5813011320 2227
5813011407 2228
5813011443 2229
5813011483 2230
5813011486 2231
5813011512 2232
5813011660 2233
5813012136 2234
5813012193 2235
5813012231 2236
5813012619 2237
5813012786 2238
5813012995 2239
5813013194 2240
5813013202 2241
5813013342 2242
5813013630 2243
5813013636 2244
5813013653 2245
5813014032 2246
5813014242 2247
5813014258 2248
5813014391 2249
5813014693 2250
5813014777 2251
5813014793 2252
5813015068 2253
5813015124 2254
5813015327 2255
5813015408 2256
5813015448 2257
5813015594 2258
5813016625 2259
5813016900 2260
5813016958 2261
5813019560 2262
5813019908 2263
5813020388 2264
5813020674 2265
5813020676 2266
5813020696 2267
5813020751 2268
5813020785 2269
5813020800 2270
5813020803 2271
5813020817 2272
5813020840 2273
5813020855 2274
5813020857 2275
5813020996 2276
5813021005 2277
5813021046 2278
5813021122 2279
5813021192 2280
5813021223 2281
5813021225 2282
5813021235 2283
5813021238 2284
5813021247 2285
5813021498 2286
5813021564 2287
5813021566 2288
5813021602 2289
5813021899 2290
5813022026 2291
5813022160 2292
5813022182 2293
5813022192 2294
5813022257 2295
5813022339 2296
5813022343 2297
5813022375 2298
5813022404 2299
5813022424 2300
5813022429 2301
5813022459 2302
5813022538 2303
5813022759 2304
5813022814 2305
5813022915 2306
5813022923 2307
5813022976 2308
5813024852 2309
5813024933 2310
5813026589 2311
5813026656 2312
5813026661 2313
5813026705 2314
5813026785 2315
5813027592 2316
5813027737 2317
5813032485 2318
5813032709 2319
5813033379 2320
5813033443 2321
5813035328 2322
5813035418 2323
5813035694 2324
5813038579 2325
5813038604 2326
5813039906 2327
5813040000 2328
5813040037 2329
5813040190 2330
5813040712 2331
5813040766 2332
5813041161 2333
5813041169 2334
5813041177 2335
5813041237 2336
5813041304 2337
5813041525 2338
5813041610 2339
5813041684 2340
5813046185 2341
5813046658 2342
5813046745 2343
5813046951 2344
5813047739 2345
5813048229 2346
5813048745 2347
5813049378 2348
5813049481 2349
5813049907 2350
5813049946 2351
5813050455 2352
5813050772 2353
5813052205 2354
5813053669 2355
5813053712 2356
5813053860 2357
5813053923 2358
5813054079 2359
5813054659 2360
5813055298 2361
5813055535 2362
5813055749 2363
5813055768 2364
5813055769 2365
5813055800 2366
5813055817 2367
5813055949 2368
5813055999 2369
5813056041 2370
5813056054 2371
5813056057 2372
5813056062 2373
5813056071 2374
5813056101 2375
5813056168 2376
5813056257 2377
5813056791 2378
5813056881 2379
5813056917 2380
5813056944 2381
5813057162 2382
5813057245 2383
5813057461 2384
5813057464 2385
5813057481 2386
5813057861 2387
5813057864 2388
5813057933 2389
5813057973 2390
5813058050 2391
5813058222 2392
5813058258 2393
5813058272 2394
5813058319 2395
5813058320 2396
5813058350 2397
5813060068 2398
5813060701 2399
5813060768 2400
5813061024 2401
5813061112 2402
5813061114 2403
5813061260 2404
5813061642 2405
5813061901 2406
5813062686 2407
5813062838 2408
5813062858 2409
5813063093 2410
5813063137 2411
5813063524 2412
5813063587 2413
5813063829 2414
5813064332 2415
5813065004 2416
5813065365 2417
5813065519 2418
5813066377 2419
5813066983 2420
5813067732 2421
5813067963 2422
5813068484 2423
5813068575 2424
5813068603 2425
5813068748 2426
5813068769 2427
5813068773 2428
5813069512 2429
5813069630 2430
5813070569 2431
5813071068 2432
5813071078 2433
5813071257 2434
5813071348 2435
5813071370 2436
5813075619 2437
5813075692 2438
5813075875 2439
5813075932 2440
5813076043 2441
5813076392 2442
5813077469 2443
5813077569 2444
5813077929 2445
5813078263 2446
5813078571 2447
5813078641 2448
5813079192 2449
5813079417 2450
5813080768 2451
5813081474 2452
5813081849 2453
5813081864 2454
5813082239 2455
5813082394 2456
5813082780 2457
5813083779 2458
5813083780 2459
5813087620 2460
5813087891 2461
5813087953 2462
5813087991 2463
5813088525 2464
5813088784 2465
5813089157 2466
5813089869 2467
5813092990 2468
5813094560 2469
5813094598 2470
5813094811 2471
5813096198 2472
5813096913 2473
5813097020 2474
5813097634 2475
5813097926 2476
5813098223 2477
5813098975 2478
5813100373 2479
5813103626 2480
5813105726 2481
5813105778 2482
5813108129 2483
5813109198 2484
5813109327 2485
5813111272 2486
5813116551 2487
5813117385 2488
5813123585 2489
5813124162 2490
5813124939 2491
5813126031 2492
5813129271 2493
5813129453 2494
5813129481 2495
5813130366 2496
5813132515 2497
5813133463 2498
5813133917 2499
5813134082 2500
5901192948 2501
5901193720 2502
5901195945 2503
5901196319 2504
5901196628 2505
5901197274 2506
5901201909 2507
5901203310 2508
5901203505 2509
5901212906 2510
5901213440 2511
5901213624 2512
5901215966 2513
5901215971 2514
5901218930 2515
5901221890 2516
5901225755 2517
5901226036 2518
5901227238 2519
5901230025 2520
5901231318 2521
5901232053 2522
6400000773 2523
7112622044 2524
7112624972 2525
