88 316
58 223
30 60
81 390
140 676
131 632
211 710
196 751
165 535
123 400
189 761
39 77
74 222
123 397
285 1958
81 273
466 2646
68 244
84 168
226 837
112 362
174 767
65 107
39 73
710 4323
55 145
179 663
117 336
209 746
212 601
236 779
269 771
215 712
226 1231
85 251
30 110
201 842
215 751
182 525
115 367
114 347
168 554
56 212
174 542
495 2104
73 137
135 272
213 1017
229 948
351 3597
54 134
94 302
94 217
140 584
279 1779
56 106
571 3422
265 955
213 1110
178 757
260 1620
106 361
89 223
120 394
641 3938
129 468
121 441
134 537
217 905
209 768
220 964
304 2567
279 1907
248 1062
438 2475
198 886
289 1158
207 897
754 3507
42 81
1121 20881
120 357
317 2957
64 104
130 437
278 1382
158 397
110 412
98 446
274 810
428 2998
196 849
134 481
251 1062
71 211
77 287
201 818
102 224
78 310
168 1150
244 757
190 939
455 1661
186 956
122 525
187 1197
483 3205
177 569
187 753
136 376
230 885
249 1078
107 280
95 161
184 705
1047 6078
120 362
47 99
670 4685
539 5373
200 842
142 491
341 2277
168 791
154 467
224 718
160 523
164 748
132 493
134 535
951 7106
310 1479
288 1729
34 105
341 2098
106 285
209 835
196 785
203 739
228 855
189 691
157 628
153 405
47 121
75 130
398 1887
349 2391
242 1341
145 554
231 1856
208 1638
238 1263
109 353
257 1452
228 715
88 215
94 192
803 6017
181 553
211 676
314 2137
225 1280
58 129
702 3950
176 533
214 1552
581 5480
228 780
374 2689
609 4477
259 838
232 868
267 1914
418 1566
301 1533
251 1064
1331 8200
306 2907
154 778
136 465
222 960
449 1690
273 1477
167 612
245 1144
204 646
82 245
446 4320
297 1993
227 615
896 5990
117 398
197 676
231 921
164 649
286 1190
331 1701
177 564
173 847
283 1265
286 1947
209 680
196 464
387 1741
295 2110
195 489
186 532
139 380
196 476
154 427
174 410
411 2071
139 690
239 1667
92 608
104 259
127 486
391 2427
281 848
303 2614
141 485
144 456
188 683
50 132
73 212
135 578
50 166
208 719
91 277
162 412
338 1697
257 1024
202 742
61 273
341 1835
531 2708
231 844
169 411
660 4467
229 920
110 296
170 556
79 206
902 5172
216 521
197 734
410 2425
78 179
146 679
128 404
170 511
1231 11861
247 938
77 184
254 816
138 621
198 579
181 1144
137 596
91 357
349 2074
118 235
310 1549
213 1177
118 412
498 2519
104 229
93 274
240 1074
169 623
124 305
306 1094
208 809
184 649
170 503
115 328
119 274
286 2161
418 2076
494 2663
358 2405
246 2160
84 280
57 187
85 166
187 865
229 873
151 1003
148 1055
406 3592
177 443
462 2894
151 542
282 2123
66 224
45 110
172 554
154 415
122 503
64 126
279 1388
30 40
230 809
5 6
35 147
72 186
416 2406
198 828
78 125
537 2970
177 803
296 1947
580 4563
589 4195
339 1757
489 2886
186 1419
189 849
189 745
166 624
160 427
322 1518
164 585
162 619
296 2715
104 218
221 528
88 623
178 486
137 295
115 330
144 562
139 368
257 2316
202 663
451 3109
110 370
211 1469
97 302
249 1590
176 455
138 492
178 668
386 1934
184 712
658 3467
61 146
64 148
179 810
85 261
57 146
254 1755
9 15
167 618
362 1887
256 1228
272 1173
93 282
202 584
304 1996
710 5748
224 923
930 12241
277 809
164 356
3801 42552
173 524
17 23
26 42
523 4086
297 797
216 953
271 1819
7 10
144 391
164 592
451 2801
202 1451
4 10
514 3632
48 101
159 404
631 4015
243 758
188 606
426 2100
345 5142
165 847
632 6020
122 404
162 993
180 719
212 880
168 631
227 1174
123 487
175 1505
155 487
233 1505
177 495
100 267
170 1222
171 618
74 301
183 944
279 1127
145 281
516 2141
322 2271
138 457
192 1265
174 680
164 613
181 792
99 282
87 418
55 170
169 686
180 725
215 1071
151 525
37 65
361 4271
402 1930
142 591
50 122
32 137
535 3073
152 493
406 2509
18 34
50 90
182 454
140 530
144 505
109 529
101 317
131 289
46 176
154 433
291 3107
3 6
719 2769
189 557
212 575
206 466
147 484
727 3296
575 3378
117 296
164 702
87 213
245 1339
168 665
160 499
151 560
139 715
116 280
202 712
123 461
434 2098
251 2217
72 161
112 373
441 1734
137 851
468 2100
305 3585
466 3970
186 643
187 753
166 1262
237 1053
167 518
219 1335
155 454
127 439
191 660
164 822
160 447
288 1554
331 1859
62 216
160 475
317 2085
173 579
184 655
142 427
442 2689
74 259
184 718
381 2619
165 590
239 805
124 204
130 366
93 241
107 269
143 525
52 276
244 1538
341 1024
3 6
429 2276
1111 4735
212 802
108 406
179 1104
258 1145
90 312
183 640
24 39
458 2203
730 3296
21 48
121 356
46 131
201 1104
129 335
120 290
36 67
10 14
557 2723
338 1715
118 388
834 6087
56 185
7 7
86 166
158 691
613 3418
129 519
297 981
345 2038
50 154
747 8931
828 8471
249 1092
149 252
129 337
183 751
142 610
176 771
39 97
51 210
135 411
78 276
235 756
167 433
119 1339
480 6638
374 1448
22 36
295 1267
232 945
122 338
438 2353
738 4752
185 494
83 327
610 6229
244 926
164 827
305 1913
617 6324
211 991
188 837
241 1058
180 1223
417 2542
103 391
362 1931
166 942
152 601
106 352
396 1260
257 1565
167 688
165 574
426 3130
205 1300
176 655
157 311
254 1613
223 1156
256 1349
234 1298
12 38
290 1248
396 2288
138 657
461 1605
109 281
151 472
194 841
234 912
178 310
546 3260
460 3114
81 256
195 676
173 722
84 163
136 421
104 355
101 222
142 503
88 214
125 384
20 29
191 1305
111 250
323 1742
191 686
425 2525
9 9
119 388
180 453
396 3073
293 2521
323 1588
128 257
91 563
41 68
208 885
264 1028
270 850
421 1371
133 555
78 271
91 334
162 603
453 2496
5 9
4 14
89 273
649 4895
124 278
98 258
106 255
228 776
74 160
283 1739
317 3175
96 191
122 254
1072 18097
114 334
282 1497
91 271
94 217
76 186
5 7
176 653
433 1572
17 41
93 345
126 278
117 288
323 1156
176 857
178 545
169 1150
173 510
723 4611
283 1530
181 1208
118 350
156 376
231 1489
78 341
206 993
190 592
31 117
135 390
150 410
171 408
283 2158
104 220
591 2210
252 1699
163 808
158 726
398 2141
76 255
69 198
58 126
248 854
31 99
126 208
41 83
292 1251
125 372
269 2076
37 76
31 119
35 92
32 54
401 1313
272 1693
106 301
21 31
120 336
43 96
40 59
26 38
32 46
57 132
9 11
48 70
129 366
255 632
362 2197
165 584
40 127
17 31
108 622
20 54
30 53
3 3
167 677
24 43
137 412
113 394
93 266
193 569
261 868
197 618
100 298
220 557
47 93
80 190
163 969
197 500
201 636
130 424
99 313
187 564
100 252
122 368
644 4540
245 761
69 118
29 73
96 240
164 453
329 1067
17 26
89 287
62 215
48 100
112 386
179 486
13 21
40 126
52 113
20 35
25 49
39 56
678 5977
147 586
247 839
158 566
272 999
88 304
1134 6407
35 89
47 91
54 155
21 33
203 1511
160 274
99 256
87 234
389 1842
45 90
97 167
14 20
149 321
180 482
283 1777
148 755
199 899
152 753
223 755
849 4966
215 707
97 243
23 44
42 66
27 43
1137 4259
181 534
404 1289
128 309
14 23
37 69
191 608
54 97
34 67
56 169
349 1157
369 3045
197 626
235 970
139 928
119 223
54 119
24 38
262 938
89 424
325 1967
206 868
198 998
328 2605
135 541
134 332
91 343
2 2
20 26
50 87
168 627
73 214
716 5215
119 240
144 414
57 147
21 39
3 3
117 219
146 354
171 468
52 151
196 670
121 568
117 430
61 112
132 586
180 932
58 222
127 462
143 425
163 453
215 998
267 943
227 1152
446 1732
240 1903
153 537
204 655
632 3074
61 148
295 1385
181 651
69 182
178 667
411 2439
611 4029
292 916
335 1745
473 3263
68 160
1271 6580
4 4
235 646
9 14
10 13
50 120
112 271
293 1523
4 7
39 105
48 96
91 276
112 207
5 10
4 5
543 1859
372 1965
236 1167
153 373
527 4614
193 606
39 82
174 882
165 447
9 13
7 10
272 1577
7 11
191 526
278 995
436 2646
187 538
278 1057
7 9
226 630
370 2209
809 7273
169 741
3 5
144 642
11 18
307 1722
291 880
282 908
184 1034
201 508
581 3089
211 590
319 2059
113 357
71 206
13 24
60 156
13 28
46 84
208 729
6 11
344 1688
3 3
74 188
71 153
72 174
5 5
124 305
404 2638
11 14
89 266
52 178
77 245
131 391
71 150
8 11
182 524
313 1283
4 7
103 275
95 168
292 1275
45 85
103 240
267 1044
386 2628
219 969
35 51
11 14
190 1874
399 2624
396 2144
98 238
183 1099
205 1235
260 959
190 566
17 42
105 373
447 2806
242 2984
108 278
229 1224
233 2392
141 656
403 3508
168 1189
123 349
121 513
97 297
357 3021
385 1960
258 1057
183 838
35 67
170 729
251 1770
30 45
55 153
93 307
139 387
140 385
170 514
122 391
194 712
138 265
294 1344
169 556
255 1274
1321 5297
74 440
141 470
423 2291
236 1281
333 2000
205 575
136 401
52 78
103 390
431 3039
5 11
253 869
374 2125
109 324
67 213
25 48
170 582
251 1120
89 185
176 517
7 11
45 84
600 2914
180 466
172 550
139 497
121 327
163 595
138 488
194 570
158 558
163 542
6 13
268 1194
1250 4808
126 465
128 287
4 4
221 1215
231 741
183 640
5 8
143 745
333 2088
93 258
78 269
35 66
215 553
679 5556
163 618
560 2028
14 17
181 636
141 460
706 2575
151 365
80 149
266 1337
166 947
117 376
255 1220
53 110
21 37
328 1853
282 855
593 7752
163 570
157 545
474 2121
53 125
78 402
132 471
209 874
164 528
9 10
157 584
146 487
171 661
98 320
87 266
478 4606
228 942
622 3218
234 1700
73 342
68 237
116 324
244 1448
452 3195
47 93
107 407
276 873
224 705
5 6
350 2477
474 8728
21 39
20 39
25 47
300 1258
386 2022
96 267
11 23
455 2360
443 2813
289 765
163 860
140 587
304 1251
345 2129
14 14
424 2758
86 361
13 26
3 12
2 3
1 2
72 173
68 275
45 92
169 972
417 2527
74 336
67 282
28 73
81 134
8 10
110 402
196 1053
31 72
167 510
131 445
173 629
322 3052
475 3100
89 317
288 2718
645 6099
79 180
157 861
210 537
182 576
154 430
34 71
4 5
53 115
102 239
432 3863
47 104
62 287
299 1992
5 9
152 511
4 10
261 1734
174 611
307 2434
4 9
109 324
84 297
351 2589
164 404
308 881
250 952
218 870
7 12
31 76
221 1147
230 779
566 3041
150 477
255 1004
166 598
292 1582
224 1321
517 2537
96 267
206 1486
5 8
99 340
47 69
561 6269
7 13
90 231
273 1236
261 2211
181 394
9 10
32 89
201 588
166 578
7 10
275 1500
179 787
353 1163
197 581
149 541
189 934
168 633
250 688
358 2038
8 11
148 341
233 880
219 596
320 2278
167 455
250 2059
22 27
480 6641
84 273
48 94
95 291
63 184
108 351
167 580
155 417
115 424
7 7
144 469
7 10
338 1763
195 746
441 2450
165 338
513 7420
277 2291
436 1675
192 733
77 296
58 190
119 388
114 448
64 123
48 135
222 882
120 560
184 653
295 1216
141 468
266 982
225 889
2 2
7 8
11 16
18 24
5 7
129 457
6 10
174 441
221 692
135 349
137 373
174 480
82 199
5 5
150 449
152 378
10 12
148 587
145 423
425 1663
448 2033
5 8
7 10
473 2105
308 1517
236 1473
43 91
181 809
179 1001
306 1285
22 52
14 39
318 1239
8 14
133 408
148 614
3 7
148 471
165 1115
17 39
17 38
155 696
109 434
88 314
233 1031
182 617
7 11
142 1581
302 4015
120 376
179 758
18 40
160 523
52 225
70 250
149 359
902 12457
6 7
439 1723
68 191
389 2127
146 518
184 607
411 3885
78 241
61 169
513 3276
189 1356
203 617
14 24
8 12
175 814
158 812
18 52
29 54
301 1541
135 496
321 1468
7 11
6 6
134 423
187 1277
68 263
54 121
13 30
95 340
8 17
6 10
186 636
60 247
39 104
47 108
3 3
206 786
203 731
73 212
6 10
158 618
89 227
139 292
6 11
253 767
234 914
93 243
97 240
79 226
153 517
194 587
10 15
80 189
13 16
43 97
6 10
538 1354
129 383
77 210
57 128
74 240
45 99
721 3386
219 728
208 1114
76 292
135 319
25 48
271 918
208 1146
7 10
167 901
218 928
9 13
315 1316
395 2415
186 784
66 292
24 38
2 7
25 34
220 697
255 804
6 10
106 230
6 7
250 1274
146 837
134 571
63 103
73 255
46 68
206 893
265 1719
406 2990
142 486
208 520
295 1313
146 634
267 922
124 563
147 482
469 4285
126 407
97 369
12 16
212 742
221 732
291 1265
336 1551
65 222
1 1
51 162
69 178
132 405
167 662
256 1346
2 2
41 84
78 152
69 223
50 85
71 199
199 581
214 482
138 427
65 281
143 585
104 249
93 210
60 113
71 168
5 6
9 11
176 866
270 962
289 1159
388 2373
99 242
156 517
187 563
199 573
168 629
128 563
40 55
68 178
2 3
10 12
72 162
2 6
174 480
120 255
137 452
157 350
190 925
268 795
420 3906
5 7
12 18
51 197
67 294
49 138
94 394
18 40
557 2864
270 2675
7 9
141 748
5 8
248 982
194 917
306 2116
237 873
79 374
4 7
72 254
218 869
172 840
10 14
30 62
69 204
195 1132
396 2350
3 9
3 7
2 8
247 1006
104 341
175 605
100 255
48 105
88 256
164 773
190 539
151 633
219 1536
3 6
139 343
7 11
159 553
157 613
5 7
180 457
429 1837
36 68
279 1136
185 794
85 340
119 667
220 1672
380 2415
6 11
152 703
149 637
116 313
184 904
23 38
175 471
6 11
232 676
136 448
34 67
92 209
57 250
240 1501
77 223
51 105
135 437
139 617
52 190
342 1704
500 2459
30 47
100 221
543 1503
226 1134
3 7
35 107
16 34
211 535
91 268
93 295
1 1
44 82
93 411
126 386
6 11
7 11
6 9
269 2003
8 10
81 289
84 244
21 30
35 81
42 66
89 257
103 353
170 995
228 756
24 49
11 17
3 3
10 17
172 722
14 20
208 651
59 176
208 474
157 687
230 863
197 539
3 8
150 832
92 157
65 193
105 211
71 217
116 436
6 8
221 606
244 715
5 6
5 6
5 8
20 27
266 1050
337 3925
145 355
51 163
7 8
91 362
49 88
24 48
40 115
247 721
3 9
216 758
199 792
190 951
463 2474
2 2
47 156
22 36
17 29
277 1186
122 471
122 351
82 294
56 103
435 1092
36 71
24 52
160 527
231 912
254 653
332 1591
278 2050
101 284
124 295
76 191
99 220
55 95
20 31
4 8
279 1296
302 902
185 749
87 183
69 179
104 456
26 38
19 41
4 9
542 3968
3 4
32 87
58 107
12 22
32 68
164 541
164 409
282 1420
439 4379
116 320
43 202
49 103
1 1
5 9
155 346
298 1685
60 182
51 221
79 401
44 126
88 193
305 2024
9 12
67 182
404 2548
44 74
39 123
15 29
149 555
190 674
190 1308
210 1155
223 1464
15 33
21 48
243 777
207 1494
262 1350
162 367
166 817
228 1467
179 1180
146 549
148 540
157 529
240 794
61 136
75 221
280 1618
7 11
153 511
8 12
167 672
55 190
133 546
122 275
117 227
337 1998
36 71
70 522
32 55
22 56
21 35
8 10
208 1060
21 40
151 391
240 973
240 831
351 1625
155 679
107 229
32 50
28 38
94 226
161 483
88 232
109 328
118 470
73 247
53 249
53 164
44 222
139 319
218 992
274 1527
6 9
214 1330
59 120
191 564
267 1621
35 73
7 11
264 1038
66 316
3 7
197 856
194 996
39 57
17 44
244 827
7 10
722 7257
92 324
66 163
82 176
154 604
135 341
13 17
168 474
342 943
5 10
7 10
199 583
128 258
53 121
295 647
239 1021
365 2516
46 110
52 96
194 487
7 9
9 13
350 2006
5 8
133 351
79 313
136 508
291 1498
255 864
224 1114
330 2023
48 66
70 219
401 1687
10 15
123 390
8 11
162 453
6 7
4 8
54 140
62 114
31 80
65 184
100 258
228 728
239 1093
892 3472
101 282
3 3
67 240
44 61
358 1754
4 5
79 163
249 654
210 635
235 838
172 483
42 140
6 7
238 938
194 1593
54 169
22 46
38 61
7 13
6 10
6 11
91 350
5 10
197 677
6 11
344 3884
3 4
162 474
233 902
92 238
104 332
307 1840
261 1587
133 524
220 752
223 1414
106 299
182 575
112 300
94 205
109 280
7 11
169 940
130 376
199 448
168 643
215 908
47 216
326 1159
79 207
161 700
194 688
47 359
59 263
40 218
51 118
237 1024
155 427
103 250
58 339
88 293
6 11
232 730
152 919
32 90
73 320
22 58
150 465
53 124
44 172
39 162
78 255
127 315
18 25
76 190
44 155
244 845
123 319
410 2391
5 8
83 276
5 14
16 22
72 235
25 35
66 164
72 208
64 255
155 447
7 9
136 492
100 270
105 489
265 769
7 11
8 11
324 1319
5 10
7 11
7 11
257 1060
9 12
73 192
5 8
3 8
5 9
98 327
30 55
250 1088
7 11
120 1065
51 90
45 66
40 66
119 432
185 646
2 2
3 4
81 231
87 198
133 485
236 951
8 12
49 107
42 86
47 88
54 155
28 84
32 97
3 6
129 312
42 75
135 445
426 1259
147 422
8 12
38 180
37 65
309 1491
468 2884
55 133
31 156
31 74
125 296
26 57
32 49
46 94
52 165
4 7
210 909
4 6
59 151
4 7
241 1038
6 8
1 1
77 149
2 2
8 9
22 75
12 16
146 348
135 402
284 1803
25 32
215 597
5 6
61 153
5 6
99 195
16 33
3 7
236 824
4 9
4 6
4 10
153 626
12 20
124 1446
445 2323
140 349
601 3503
163 845
191 675
66 355
95 351
210 1328
133 421
8 9
7 8
108 344
201 860
8 8
84 197
221 663
240 850
199 841
45 379
230 859
5 6
4 6
163 628
86 279
293 810
39 97
7 10
68 255
8 12
85 250
89 233
178 626
271 713
64 184
29 51
133 543
44 194
170 572
216 584
231 1053
40 71
26 39
2 4
75 202
36 71
58 133
119 302
104 280
154 544
9 16
8 13
92 294
8 14
73 165
151 597
268 1486
5 8
62 169
20 75
97 233
224 888
341 814
14 31
207 931
5 8
152 462
5 6
27 66
87 173
136 434
54 109
211 834
7 9
107 287
127 1106
110 286
70 127
154 358
255 920
6 11
26 47
35 97
6 10
101 265
6 11
6 9
7 9
275 1707
281 1154
5 7
112 454
155 388
12 23
7 9
25 41
291 3911
101 219
121 424
3 10
622 4512
207 1029
186 910
140 577
44 90
698 5795
9 11
2 2
6 6
65 155
301 1021
265 779
134 352
131 339
230 943
132 556
79 140
365 3920
114 476
162 505
3 8
71 129
22 42
4 4
19 26
43 88
217 861
203 1247
140 435
148 1068
298 1561
186 550
165 439
18 22
189 521
77 213
231 687
210 663
12 22
199 780
211 725
290 1709
187 757
50 297
45 112
53 113
82 144
99 275
54 158
87 377
220 1492
5 11
54 122
99 390
64 336
282 1744
316 1156
175 541
4 5
9 11
73 226
139 373
121 368
136 548
171 459
3 7
5 11
7 10
12 16
46 99
1 1
316 1828
43 69
69 325
51 105
173 568
71 181
14 20
233 937
3 9
47 121
296 1562
5 6
102 323
82 334
238 719
15 21
226 693
8 8
217 765
300 1482
300 1238
8 11
445 2273
92 188
97 192
72 165
52 133
4 7
6 8
275 971
7 15
112 256
2 2
3 5
83 277
4 4
15 28
8 11
180 629
127 322
9 18
5 7
5 8
119 399
226 697
3 5
238 654
354 1585
8 21
37 50
35 96
243 1886
21 35
5 6
2 4
245 1172
6 12
13 15
6 10
279 739
144 394
148 543
125 316
86 238
10 14
6 13
6 11
8 11
213 1123
4 4
31 72
95 178
21 29
5 7
326 1399
9 13
88 376
11 19
3 7
9 10
11 12
23 45
322 3025
168 783
223 791
72 206
152 498
10 14
100 204
258 1742
30 53
68 140
103 272
161 620
5 8
195 560
46 102
160 475
12 16
5 12
167 458
6 10
26 41
15 22
41 69
138 337
261 1032
17 24
71 241
273 1546
208 835
187 633
6 10
66 278
40 59
271 1829
187 817
133 564
63 154
1166 15439
279 865
3 8
8 9
7 9
156 534
6 8
63 137
59 133
45 114
61 128
185 987
133 700
4 5
7 7
1 1
91 227
132 859
3 3
40 57
241 1201
336 4011
8 10
3 4
214 807
3 5
7 8
295 1527
4 8
95 338
12 16
270 1323
255 1005
7 8
97 265
102 321
152 458
5 9
1 1
5 6
84 267
27 52
3 3
90 199
9 16
45 188
8 17
5 8
6 10
5 6
152 744
3 9
3 4
6 8
9 17
9 13
105 755
151 554
51 81
104 391
6 10
64 142
41 88
56 130
298 832
60 129
54 109
86 348
4 9
6 14
36 82
192 853
7 8
20 38
233 948
145 858
213 991
185 582
242 667
151 454
4 7
7 13
133 352
235 686
13 16
197 419
248 725
5 8
146 486
127 401
302 1224
59 109
27 52
3 4
1 1
17 26
246 717
5 9
75 253
151 505
166 661
142 537
264 1397
217 698
250 838
3 3
207 952
4 6
2 3
3 3
175 543
10 10
45 127
126 425
10 16
116 238
142 428
240 1031
477 2966
3 5
422 5406
3 5
114 281
166 402
229 668
162 428
38 137
20 37
199 1052
39 108
76 291
4 7
158 488
8 9
466 4524
9 11
7 8
77 269
126 1122
78 264
108 298
246 1183
124 536
102 429
135 1463
127 293
158 389
142 506
83 156
169 817
63 271
144 622
189 948
129 390
6 11
262 1080
137 378
95 430
4 12
71 282
40 82
161 475
8 16
69 127
71 145
98 224
3 11
248 890
5 9
6 9
450 1891
65 168
217 738
6 9
19 40
35 48
9 9
6 6
78 203
203 917
211 1097
142 403
8 10
257 748
245 658
2 2
39 80
71 202
3 5
55 89
235 782
66 211
64 169
4 7
166 515
14 20
2 5
135 599
3 4
38 103
79 216
17 28
123 367
100 236
4 5
13 18
6 6
270 1659
821 3706
175 675
271 1009
166 421
9 16
8 10
6 12
270 1416
178 720
7 10
120 314
6 9
318 2464
98 202
3 3
3 8
9 11
3 6
217 1107
20 25
129 419
256 1021
58 154
9 15
75 198
86 188
62 169
19 37
316 3108
266 947
104 258
181 796
79 349
58 161
86 317
73 222
82 225
178 510
5 5
6 9
179 598
7 9
5 9
45 116
5 9
5 9
3 7
4 6
55 117
3 8
10 11
108 425
37 58
107 371
139 483
32 61
2 5
5 7
16 30
279 1918
195 1768
214 746
195 663
16 26
76 189
75 344
4 7
231 749
268 1670
151 617
120 441
141 489
4 7
1 3
75 216
130 425
77 275
54 108
374 2526
5 9
4 6
7 8
4 9
5 9
5 11
144 516
5 7
31 55
37 65
5 8
7 9
180 912
56 207
240 1483
325 2439
215 842
156 445
125 429
227 829
88 199
215 968
208 1093
219 1645
66 277
88 341
168 430
17 23
98 233
85 175
8 9
6 11
121 449
150 578
87 262
4 7
54 137
4 11
2 4
133 498
6 6
6 9
3 10
4 7
161 542
61 184
137 451
8 10
2 2
6 9
88 216
218 781
169 635
37 71
452 4936
200 822
87 202
72 170
4 7
5 8
10 24
8 8
132 451
136 501
8 11
45 196
5 8
106 350
47 104
126 377
7 7
264 3007
4 5
6 11
7 9
8 9
11 13
5 8
2 2
275 1685
199 1026
225 1236
57 144
161 837
34 72
31 58
100 260
178 641
5 9
42 121
275 1219
45 105
130 376
330 2194
252 1242
40 117
319 1458
58 258
18 39
31 62
102 365
213 733
75 199
72 143
155 455
64 150
137 585
8 10
41 93
219 2386
132 353
57 289
136 370
287 1754
1 4
7 14
439 2605
7 12
177 588
76 228
11 16
161 585
9 12
3 4
139 336
5 11
14 22
5 7
4 7
258 1143
5 8
21 30
40 59
42 83
4 6
103 322
253 718
5 9
231 1326
145 607
5 9
193 663
4 5
4 8
188 984
10 16
3 3
18 28
8 8
6 8
5 7
145 340
113 448
159 658
2 2
308 2660
10 15
69 135
64 235
467 2397
100 364
117 693
268 1156
21 44
27 70
80 178
115 322
136 393
142 417
94 309
239 1097
116 318
43 123
73 364
622 3164
107 413
113 566
100 603
33 87
40 63
3 4
131 457
4 10
49 112
28 36
143 328
7 9
3 7
9 14
6 6
10 12
10 15
14 23
6 8
3 4
3 4
78 161
198 775
233 1228
4 5
99 259
6 9
14 25
44 139
201 1472
246 1578
3 5
5 9
7 9
8 15
228 1497
4 4
91 251
152 620
289 1382
4 8
279 956
203 847
4 4
126 381
4 4
130 510
6 7
214 953
88 409
80 214
254 2182
152 383
90 237
83 191
205 876
141 581
181 704
54 113
145 461
42 114
103 255
607 2921
61 109
69 320
98 199
120 288
111 408
170 519
148 480
164 492
126 448
130 496
303 970
4 4
72 291
9 15
6 8
3 4
119 404
7 11
5 8
7 9
7 7
37 78
3 4
19 23
535 5848
5 10
5 10
97 318
185 1177
93 272
222 574
34 122
65 147
84 843
183 721
100 283
224 1127
313 1273
161 521
120 309
145 378
100 231
4 8
318 3976
5 10
135 488
5 5
164 884
9 17
165 579
194 620
5 8
8 14
18 26
163 655
142 786
6 6
4 8
141 583
8 8
44 144
65 287
241 2105
113 418
166 1028
74 271
145 745
147 477
85 183
245 656
75 320
69 328
61 99
154 413
138 396
73 859
41 163
265 2043
143 420
230 1156
313 5365
308 4368
6 7
138 519
70 175
188 3808
82 163
150 349
182 569
113 1411
58 128
97 222
49 88
150 412
212 726
3 10
99 145
5 10
61 186
5 6
3 6
358 819
320 3450
114 377
301 1188
53 132
254 1882
275 766
156 650
42 94
147 767
82 323
220 984
65 111
145 388
105 238
93 233
190 715
213 1017
127 1282
12 19
20 23
196 1138
86 283
111 347
140 391
205 589
172 447
685 1894
8 11
249 644
6 8
54 146
268 1938
16 32
39 102
136 353
82 656
33 84
109 323
263 1416
102 243
116 382
46 86
168 463
153 460
113 292
85 171
233 771
66 126
7 8
7 8
108 401
219 1213
157 392
53 146
76 224
42 108
54 131
86 404
48 151
51 299
106 384
131 667
125 389
153 737
90 330
384 2199
136 439
124 422
119 349
12 14
240 1799
60 158
158 411
8 9
108 304
148 411
121 249
3 10
2 2
192 984
9 11
4 8
40 87
95 546
138 487
93 1155
75 383
97 713
90 626
96 309
203 3278
118 628
75 534
146 489
8 16
74 226
148 892
24 41
47 130
64 166
256 2104
123 449
67 183
100 262
117 609
103 299
139 314
4 7
314 2908
75 155
2 3
150 1722
195 756
152 482
100 607
313 2069
101 593
293 1151
88 786
94 394
9 13
63 232
120 337
111 268
100 420
297 1759
69 256
6 6
3 8
12 18
57 136
46 142
28 104
59 167
88 364
127 470
11 15
3 6
6 11
70 161
27 47
110 395
122 513
16 27
101 452
290 1615
29 52
11 16
11 27
9 39
17 26
77 155
88 711
38 146
57 168
219 1578
134 445
51 141
44 132
98 467
66 224
10 10
4 7
9 10
8 13
208 652
217 1381
103 521
48 186
313 2091
90 639
84 390
107 1340
69 226
85 374
5 6
61 92
59 275
2 4
41 94
214 780
69 192
134 645
105 408
48 178
128 595
9 12
237 1904
9 11
5 9
18 23
62 200
65 163
2 2
687 6698
100 400
137 374
107 186
319 1518
6 8
17 34
1 1
101 294
42 72
41 165
16 114
79 226
51 500
426 2394
10 16
25 119
4 8
150 623
65 191
838 5959
126 409
19 104
93 842
102 1702
4 4
13 18
42 112
2 2
2 2
118 1897
340 1979
219 1395
12 26
58 180
4 6
80 168
79 480
81 197
3 3
32 82
41 210
28 57
86 258
39 74
103 613
39 77
27 117
179 999
106 1521
35 112
15 75
20 197
55 111
4 4
32 112
65 151
3 4
25 83
30 149
291 2455
3 10
2 4
2 2
3 3
4 6
4 4
101 736
262 1662
26 39
183 1028
8 8
51 372
41 121
36 93
18 50
145 395
17 225
15 120
3 4
31 70
60 171
3 5
28 49
51 131
3 3
567 4452
5 6
3 5
134 1384
85 1502
13 24
21 199
92 399
3 6
3 4
40 123
43 131
130 1108
55 166
278 1311
11 15
42 128
45 265
71 179
80 283
173 1203
45 94
20 53
69 395
80 391
27 44
12 58
2 2
8 10
2 2
89 1089
45 584
57 279
9 15
1 1
41 104
14 24
28 406
4 5
16 42
8 9
46 162
19 62
1 1
3 5
15 101
4 5
12 37
41 102
21 34
4 7
4 6
26 61
12 25
19 47
13 20
13 31
3 7
20 77
5 5
30 55
19 28
29 83
20 43
6 6
5 5
20 187
2 2
22 43
22 49
18 70
23 95
2 3
2 2
3 3
46 121
4 5
8 16
4 6
6 6
43 143
37 116
25 52
18 47
24 99
16 43
13 25
22 32
2 3
10 26
10 19
5 6
2 2
9 15
21 62
87 183
1 1
4 5
17 20
16 43
18 57
11 16
18 23
6 12
18 81
8 12
30 59
3 3
26 100
20 22
7 9
5 8
2 3
40 152
15 23
3 3
11 18
18 51
23 79
2 2
2 3
11 16
5 7
2 2
8 12
5 6
1 1
13 26
8 12
7 9
5 6
7 9
25 113
3 3
6 9
1 1
19 53
34 99
17 28
1 2
3 5
2 3
3 5
4 10
2 2
3 3
1 1
2 2
14 40
7 9
9 39
2 4
3 6
6 6
4 4
1 2
12 16
1 2
4 4
113 381
47 99
286 1547
186 710
242 861
231 672
281 1198
187 441
59 154
259 1055
166 644
126 509
239 1130
234 853
197 1045
121 548
288 1666
149 487
199 690
535 3356
175 819
149 795
205 1341
413 1709
180 596
170 371
49 113
7 16
198 1065
235 1275
50 180
140 378
82 203
228 881
207 692
339 2671
223 1338
132 287
117 686
58 101
118 279
179 570
97 246
238 1052
232 639
84 192
116 379
52 182
196 2441
380 2941
210 1094
53 122
34 79
84 149
71 663
12 21
31 77
148 516
32 60
114 632
26 103
16 36
49 680
187 663
14 16
16 23
21 27
7 9
6 7
285 2079
71 150
177 773
68 203
116 210
49 107
108 336
224 859
855 7252
143 563
122 764
145 399
170 447
149 376
166 565
83 257
79 192
133 684
11 24
71 174
181 431
143 364
38 84
45 79
222 838
181 398
135 405
118 461
121 303
488 3548
207 500
60 156
73 180
163 580
390 1255
166 320
368 3230
67 225
202 786
130 517
218 922
50 131
46 86
85 413
60 258
54 162
108 389
80 197
78 159
42 70
120 325
32 57
36 68
38 79
100 322
65 198
32 107
75 246
53 204
286 1908
294 840
29 53
129 376
308 947
126 788
107 257
121 256
273 1069
94 380
77 274
104 297
96 229
116 713
93 275
43 141
44 98
128 481
265 1292
447 3070
286 1785
318 1255
69 254
148 741
111 226
240 812
25 32
560 4816
29 58
127 436
92 979
201 849
358 1350
191 1269
346 2248
176 627
244 1516
253 1193
352 2105
177 481
180 707
239 913
201 3183
472 3504
431 2823
498 4431
45 213
275 1753
234 1025
192 717
512 3083
215 745
310 1252
221 1041
200 1263
406 1497
233 974
705 5780
239 821
164 1233
281 1115
145 503
306 1336
224 783
443 2998
205 1268
213 554
462 3434
365 4167
293 744
128 571
160 1212
94 836
133 874
231 864
302 1678
170 968
306 2855
124 373
64 291
122 1034
119 537
859 7103
274 1165
188 1400
130 527
664 4062
61 152
667 2851
328 2274
678 6500
28 47
320 1530
59 170
140 563
130 493
551 4174
38 133
109 386
55 120
58 134
179 333
15 45
22 43
107 275
44 112
156 896
47 117
15 40
177 744
117 469
158 654
79 264
179 519
36 124
249 755
268 820
40 70
226 774
231 1467
199 1011
63 123
96 310
104 1772
14 18
202 1828
98 349
392 2290
346 3489
151 410
20 49
69 186
49 120
176 446
248 2046
410 2693
63 177
284 2455
106 437
688 3020
131 406
121 279
158 528
131 460
82 987
150 438
159 393
188 2310
176 1130
87 145
139 655
557 3720
114 331
92 360
562 3016
66 145
217 794
761 5986
248 1278
746 4938
181 686
270 1507
168 779
223 955
105 254
95 436
275 1317
8 17
424 1806
72 157
279 1652
416 1855
62 260
1172 11078
168 1766
70 146
583 2459
56 353
207 645
342 2146
111 302
266 1765
704 5522
245 1194
265 637
475 3565
447 2245
134 469
222 912
156 623
125 519
203 2330
90 254
203 743
290 1007
219 914
157 522
284 756
266 2299
207 552
125 273
87 167
53 131
195 684
396 2557
19 58
849 5948
8 12
151 560
389 4412
89 331
268 1833
153 661
184 928
118 334
79 234
13 30
147 505
54 102
41 130
186 1108
73 146
145 561
704 4474
9 24
241 966
523 2137
111 1337
774 2885
864 4698
60 123
346 2528
240 1454
675 1988
335 1231
458 1453
125 357
120 362
184 655
359 1951
245 1264
126 375
102 219
291 1682
119 537
102 276
188 380
131 546
8 20
193 1245
147 747
10 30
200 712
61 218
227 967
146 378
271 2049
265 1303
217 2364
210 650
114 305
164 470
193 2290
94 237
122 381
167 461
100 255
177 808
676 7928
1081 6631
66 151
143 471
138 423
91 276
395 2153
98 237
204 784
152 1223
78 256
90 346
62 137
588 3448
57 126
75 163
234 694
124 449
382 2495
102 179
43 120
243 1175
236 865
110 324
137 310
46 113
128 491
128 652
150 551
146 247
182 505
102 395
120 383
202 940
2 2
88 236
138 549
164 573
157 436
73 247
25 65
47 422
59 179
544 3636
184 477
440 3108
275 1196
216 847
246 910
127 487
134 700
66 142
261 1069
130 410
566 3868
346 1598
66 208
99 204
90 205
137 595
86 213
313 1383
135 1440
186 671
152 614
151 476
221 1069
267 1156
139 298
136 269
136 386
167 1057
256 1758
234 847
669 15898
291 1230
54 120
15 42
238 1222
5 8
500 3606
161 875
82 386
88 616
4 7
77 384
43 130
3 3
43 76
93 212
60 191
183 772
53 101
31 64
13 20
11 24
32 59
13 29
3 11
17 24
