203594164 1
203598466 2
204958872 3
205985855 4
263674097 5
264014957 6
266187342 7
266187383 8
266187477 9
266187480 10
266187559 11
266191407 12
266528086 13
266873591 14
267214250 15
267223104 16
267551639 17
267564140 18
267568157 19
267896360 20
294450004 21
295802733 22
295828029 23
295849410 24
296139882 25
296194535 26
296199021 27
296199026 28
296199149 29
296203324 30
296203325 31
296203392 32
296203434 33
296203440 34
296358430 35
296509709 36
296531366 37
296535619 38
296535655 39
296838079 40
296855409 41
296859399 42
297166053 43
297217528 44
297230760 45
297519815 46
297541369 47
297563139 48
297563270 49
297580589 50
297584752 51
297584869 52
297588995 53
297908595 54
297912117 55
297917277 56
297917363 57
297917364 58
297917475 59
297921570 60
297921608 61
297921808 62
297925487 63
297925526 64
297925608 65
297925628 66
297929807 67
297929902 68
297929935 69
297930068 70
297934349 71
297938585 72
297947227 73
298241038 74
298250090 75
298254384 76
298254474 77
298258354 78
298258399 79
298258415 80
298258513 81
298258530 82
298258611 83
298258737 84
298262357 85
298262408 86
298262442 87
298262488 88
298262498 89
298262599 90
298262663 91
298266660 92
298266783 93
298266903 94
298267069 95
298267091 96
298591130 97
298595196 98
298599269 99
298599664 100
298603633 101
298603693 102
298603730 103
298607673 104
298607679 105
298612190 106
298616588 107
298927224 108
298927362 109
298931489 110
298944444 111
298944479 112
298944745 113
298948785 114
298952944 115
298957166 116
299268507 117
299281245 118
299289811 119
299290105 120
299298381 121
299604862 122
299617529 123
299626157 124
299954300 125
324721026 126
324725187 127
325743813 128
325839288 129
325839302 130
326253554 131
326474963 132
326530038 133
326547252 134
326817334 135
326879917 136
326884223 137
326884331 138
326888433 139
326888609 140
326888627 141
326888675 142
326892322 143
327246381 144
327583395 145
327587644 146
327588225 147
327588446 148
327881747 149
327933008 150
327933027 151
327933061 152
327937494 153
327937506 154
328244591 155
328253133 156
328264983 157
328265389 158
328269766 159
328270395 160
328274638 161
328278449 162
328291093 163
328533761 164
328538408 165
328601956 166
328611004 167
328611654 168
328632707 169
328935472 170
328939480 171
328948348 172
328952123 173
329225149 174
329301513 175
329301762 176
329566174 177
329566197 178
329578247 179
329638509 180
329646990 181
329897255 182
329970706 183
329978745 184
329983926 185
329988112 186
330260421 187
330268940 188
330316013 189
330319983 190
330640044 191
330661529 192
330661573 193
330998090 194
331006655 195
331343089 196
331662710 197
355077858 198
355086967 199
356429209 200
356818551 201
356878521 202
356909006 203
356913605 204
357224041 205
357250005 206
357250238 207
357573154 208
357581846 209
357581860 210
357581939 211
357599074 212
357940977 213
358264919 214
358286194 215
358286442 216
358613806 217
358639742 218
358725902 219
358847551 220
358890923 221
359240396 222
359317340 223
359326764 224
359926787 225
359931311 226
360138182 227
360254108 228
360263797 229
360268385 230
360284300 231
360310976 232
360349882 233
360474485 234
360591860 235
360677632 236
360690414 237
360759031 238
361005850 239
361031397 240
361264970 241
361273559 242
361312146 243
361312808 244
361341837 245
361364000 246
361376643 247
361636071 248
361700223 249
361700674 250
361704572 251
361722354 252
361825416 253
361955066 254
362019898 255
362041442 256
362045855 257
362299997 258
362369976 259
362395402 260
362715189 261
362719326 262
386833850 263
386877197 264
387227028 265
387568523 266
387939094 267
387939267 268
387952104 269
388267095 270
388280249 271
388280297 272
388280322 273
388280529 274
388280541 275
388280610 276
388293131 277
388638672 278
388954086 279
388975834 280
389311717 281
389657555 282
389661909 283
389808550 284
389976940 285
390003153 286
390280026 287
390330983 288
390331214 289
390331583 290
390344260 291
390352384 292
390361224 293
390590450 294
390641835 295
390706983 296
391016873 297
391021712 298
391034580 299
391497219 300
391610069 301
391803510 302
391971839 303
392066096 304
392179333 305
392325925 306
392389970 307
392645419 308
392735903 309
393063351 310
393210919 311
393404592 312
393766777 313
393776005 314
416876055 315
417221397 316
417558532 317
417834021 318
417908800 319
418175238 320
418261858 321
418503161 322
418516266 323
418516470 324
418607079 325
418607328 326
418607477 327
418641700 328
418969927 329
418969956 330
418970095 331
418970154 332
418987009 333
419345606 334
420010739 335
420325753 336
420347328 337
420351087 338
420386244 339
420586101 340
420666689 341
420688294 342
420696828 343
420723066 344
421033734 345
421041565 346
421054850 347
421055181 348
421068062 349
421314273 350
421318649 351
421405157 352
421728750 353
421815053 354
422052346 355
422056477 356
422056521 357
422388958 358
422419397 359
422622063 360
422738252 361
422742649 362
422751191 363
423096449 364
423096943 365
423101189 366
423105632 367
423178587 368
423213589 369
423748579 370
423749262 371
423766084 372
423770604 373
423783704 374
423792440 375
424193645 376
424434994 377
424443911 378
424788926 379
424793122 380
424888924 381
425143700 382
425148091 383
425462513 384
425471220 385
447599745 386
447872055 387
448204394 388
448342846 389
448536695 390
448869118 391
449205588 392
449205611 393
449209971 394
449218986 395
449244969 396
449288517 397
449296930 398
449685778 399
450004974 400
450005014 401
450034902 402
450354788 403
450971893 404
451049385 405
451054039 406
451062462 407
451365099 408
451390676 409
451485030 410
451662040 411
451722668 412
451995306 413
451995734 414
452103083 415
452162916 416
452210677 417
452336897 418
452340995 419
452401052 420
452401246 421
452552124 422
452689494 423
452742028 424
452771533 425
452841283 426
452883920 427
453087379 428
453108601 429
453130054 430
453194635 431
453380528 432
453423834 433
453436589 434
453457927 435
453536107 436
453765256 437
453794660 438
453868924 439
454089465 440
454136171 441
454469072 442
454477603 443
454481372 444
454787848 445
454822542 446
454822714 447
455154890 448
455155337 449
455159380 450
455172836 451
455232361 452
455483094 453
455578166 454
455819680 455
455820184 456
456156825 457
456174330 458
456187010 459
456506289 460
456523994 461
456833888 462
456846996 463
456847092 464
456847100 465
457175171 466
457520516 467
478591447 468
479260891 469
479637825 470
479908320 471
480029788 472
480258208 473
480328501 474
480387478 475
480521586 476
480664837 477
480681197 478
480987689 479
481034861 480
481035392 481
481070027 482
481190355 483
481295335 484
481359062 485
481371769 486
481390070 487
481394217 488
481406868 489
481427934 490
481731074 491
481747302 492
482002172 493
482417237 494
482421242 495
482732443 496
482762280 497
482861459 498
483017681 499
483099193 500
483720758 501
483797945 502
483798285 503
484126552 504
484130600 505
484134987 506
484147730 507
484355328 508
484368420 509
484554412 510
484735637 511
484735678 512
484821546 513
484825371 514
484903253 515
484911881 516
484942773 517
485132675 518
485171192 519
485231414 520
485252796 521
485253580 522
485511772 523
485745069 524
486185442 525
486194398 526
486255488 527
486314976 528
486444857 529
486496648 530
486544396 531
486812022 532
486842208 533
486880919 534
486994024 535
487144598 536
487187476 537
487191620 538
487212916 539
487217638 540
487286529 541
487523851 542
487541595 543
487623053 544
487623337 545
487882168 546
487882906 547
487899426 548
487899562 549
487925037 550
487925063 551
487968933 552
487976781 553
488231898 554
488231939 555
488559952 556
488581156 557
488922181 558
488931037 559
489375496 560
508689623 561
509924185 562
509928946 563
509945954 564
510049477 565
510278421 566
510278853 567
510676580 568
510680365 569
510987433 570
511025402 571
511271574 572
511349908 573
511353266 574
511660697 575
511685969 576
511772101 577
512014262 578
512411244 579
512441111 580
512441442 581
512765816 582
512774096 583
512782759 584
512787296 585
513344531 586
513668146 587
513887940 588
514043443 589
514068564 590
514116545 591
514475106 592
514613165 593
514708179 594
514807275 595
514816333 596
514833145 597
514842241 598
514850616 599
514859045 600
515092013 601
515152792 602
515524209 603
515869245 604
516163285 605
516287961 606
516288120 607
516288489 608
516551382 609
516629544 610
516780722 611
516806504 612
516844782 613
516857964 614
516875221 615
516888016 616
516965856 617
517207902 618
517242832 619
517506265 620
517514142 621
517578770 622
517587356 623
517648018 624
517838657 625
517838849 626
517885151 627
517902689 628
517911104 629
517915796 630
517916020 631
518183562 632
518217691 633
518235177 634
518252747 635
518269350 636
518558825 637
518576422 638
518580489 639
518593663 640
518598175 641
518666806 642
518861029 643
518899665 644
518920893 645
518921865 646
518930199 647
518930220 648
519012059 649
519017242 650
519262429 651
519354028 652
519358587 653
519591210 654
519616809 655
519689333 656
519949044 657
520272258 658
520285559 659
520617773 660
540972196 661
541011631 662
541347811 663
541723810 664
542376096 665
542410481 666
542691005 667
542699260 668
543023799 669
543049093 670
543062097 671
543092817 672
543135607 673
543238468 674
543321179 675
543412036 676
543433461 677
543441466 678
543808842 679
543821838 680
544037996 681
544107243 682
544107335 683
544158940 684
544262349 685
544512309 686
544602598 687
544706811 688
544948071 689
545293653 690
545301965 691
545444996 692
545501062 693
545510060 694
545621581 695
545625900 696
545634347 697
545639454 698
545872467 699
545903200 700
545906392 701
545962610 702
545962614 703
545962750 704
545966796 705
545967453 706
545971266 707
545975516 708
545979714 709
545984286 710
546080131 711
546196205 712
546217818 713
546287086 714
546303574 715
546303624 716
546303917 717
546308189 718
546312139 719
546312618 720
546316427 721
546316520 722
546325197 723
546507208 724
546559025 725
546661830 726
546661879 727
546661881 728
546661963 729
546765551 730
546989945 731
546998916 732
547158593 733
547227734 734
547258283 735
547310321 736
547331291 737
547343857 738
547344214 739
547551580 740
547552266 741
547565159 742
547672046 743
547672057 744
547680689 745
547681002 746
547927681 747
548022079 748
548025953 749
548031014 750
548049064 751
548203966 752
548225503 753
548250936 754
548367306 755
548367416 756
548367533 757
548367581 758
548377264 759
548570973 760
548571023 761
548575149 762
548678665 763
548691397 764
548708363 765
548712377 766
548712900 767
548717604 768
548718226 769
548718289 770
548907426 771
548937579 772
548949855 773
548963433 774
548993536 775
549032115 776
549032154 777
549040631 778
549158040 779
549161688 780
549175510 781
549219101 782
549252548 783
549257678 784
549269622 785
549282467 786
549364820 787
549364902 788
549377217 789
549377612 790
549394502 791
549597974 792
549610772 793
549611256 794
549718224 795
549718297 796
549731284 797
549943673 798
550055393 799
550063565 800
550076798 801
550081317 802
550081666 803
550280614 804
550297695 805
550301858 806
550319585 807
550400302 808
550413322 809
550413337 810
550422109 811
550422384 812
550617370 813
550621853 814
550638250 815
550655668 816
550655959 817
550720698 818
550737387 819
550741296 820
550741323 821
550745787 822
550983795 823
550988122 824
551000891 825
551004984 826
551065761 827
551078480 828
551095369 829
551302781 830
551337690 831
551341782 832
551760443 833
551989415 834
571666434 835
573142557 836
573289993 837
573337611 838
573402255 839
573670049 840
573683438 841
574040939 842
574420970 843
574515806 844
574732075 845
574736017 846
574973454 847
575197482 848
575323308 849
575426742 850
575768294 851
575988538 852
576082257 853
576208238 854
576324665 855
576475847 856
576502536 857
576566223 858
576566287 859
576566621 860
576574889 861
576683512 862
576825965 863
576885542 864
576898212 865
576898907 866
576898923 867
577019326 868
577205270 869
577244511 870
577585079 871
577702398 872
577710786 873
578008551 874
578016879 875
578249948 876
578253910 877
578254032 878
578284233 879
578556621 880
578587420 881
578621125 882
578690477 883
578725249 884
578893446 885
578919867 886
578936010 887
578936603 888
578936675 889
578945164 890
579194975 891
579230376 892
579234980 893
579239039 894
579268807 895
579298760 896
579425252 897
579536041 898
579575594 899
579596940 900
579627475 901
579648510 902
579769772 903
579912201 904
579946370 905
579963818 906
580287695 907
580288167 908
580300616 909
580317662 910
580662960 911
580667978 912
580680652 913
580736603 914
580736843 915
580741415 916
580776190 917
580780309 918
580987056 919
581004609 920
581012908 921
581013104 922
581013183 923
581064707 924
581314586 925
581332573 926
581336531 927
581336621 928
581358486 929
581405615 930
581432310 931
581436615 932
581440626 933
581648167 934
581652283 935
581678043 936
581685825 937
581690438 938
581746674 939
581754996 940
581755794 941
581962275 942
582027783 943
582101022 944
582101205 945
582148503 946
582333967 947
582372162 948
582381047 949
582381054 950
582473145 951
582696254 952
582700300 953
582709537 954
583015749 955
583150030 956
602071049 957
602368546 958
602476655 959
602645152 960
603068370 961
603167111 962
603444300 963
603482385 964
604070433 965
604194925 966
604195063 967
604195247 968
604709727 969
604856102 970
604864322 971
605166418 972
605532956 973
605550395 974
605554875 975
605654689 976
605999323 977
606103219 978
606193500 979
606461310 980
607195856 981
607221569 982
607251100 983
607260192 984
607273128 985
607273339 986
607592906 987
607597135 988
607700797 989
607894716 990
607925257 991
607929192 992
607933758 993
607938091 994
607955261 995
608041927 996
608042044 997
608261812 998
608266363 999
608278754 1000
608301148 1001
608369629 1002
608377992 1003
608417561 1004
608602824 1005
608628936 1006
608728678 1007
608948356 1008
609289395 1009
609297824 1010
609310926 1011
609513630 1012
609587511 1013
609587594 1014
609591640 1015
609591758 1016
609591823 1017
609591880 1018
609591891 1019
609591989 1020
609630483 1021
609655670 1022
609656444 1023
609660480 1024
609677179 1025
609765114 1026
609893831 1027
609975449 1028
609979769 1029
609988789 1030
609992451 1031
609993550 1032
609997539 1033
610018976 1034
610061715 1035
610299911 1036
610312734 1037
610321430 1038
610321522 1039
610329293 1040
610338229 1041
610342229 1042
610351307 1043
610368283 1044
610381395 1045
610601810 1046
610666582 1047
610670860 1048
610731053 1049
610762153 1050
610800574 1051
610981555 1052
610981584 1053
611015907 1054
611016455 1055
611020135 1056
611029037 1057
611068232 1058
611262552 1059
611323310 1060
611340150 1061
611343891 1062
611348784 1063
611352588 1064
611357256 1065
611361002 1066
611361058 1067
611365952 1068
611629428 1069
611663250 1070
611693656 1071
611694145 1072
611728142 1073
611776075 1074
611810783 1075
612004584 1076
612034653 1077
612121276 1078
612138999 1079
612307129 1080
612336669 1081
612358673 1082
612367371 1083
612371421 1084
612436752 1085
612445325 1086
612638791 1087
612703762 1088
612712334 1089
612777140 1090
612790140 1091
613040803 1092
613044611 1093
613066879 1094
613175370 1095
613338546 1096
613386220 1097
613394707 1098
613398542 1099
613420343 1100
613480833 1101
613520418 1102
613727557 1103
613744224 1104
613744647 1105
613756712 1106
613835914 1107
613874080 1108
614081109 1109
614081151 1110
614172073 1111
614175857 1112
614179968 1113
614413183 1114
614417802 1115
634879889 1116
635541640 1117
635674180 1118
635860358 1119
635878327 1120
635890732 1121
635895000 1122
635908014 1123
636236092 1124
636594376 1125
636944318 1126
637008792 1127
637224582 1128
637475264 1129
637540087 1130
637621553 1131
637730365 1132
637958190 1133
638057952 1134
638152829 1135
638312678 1136
638740232 1137
638748929 1138
638964662 1139
638972808 1140
638985608 1141
638985888 1142
639008013 1143
639063702 1144
639275368 1145
639318234 1146
639327084 1147
639405054 1148
639585968 1149
639650941 1150
639655157 1151
639655378 1152
639659397 1153
639659514 1154
639762942 1155
639957655 1156
639974538 1157
639995972 1158
640276971 1159
640596169 1160
640617445 1161
640665331 1162
640691030 1163
640691209 1164
640755994 1165
640963528 1166
641355714 1167
641373426 1168
641464420 1169
641688553 1170
641701225 1171
641709401 1172
641709938 1173
641714522 1174
642024743 1175
642041782 1176
642171582 1177
642365841 1178
642378701 1179
642387595 1180
642387775 1181
642387793 1182
642509080 1183
642651049 1184
642660081 1185
642664141 1186
642693620 1187
642694410 1188
642702809 1189
642715276 1190
642715563 1191
642715622 1192
642715875 1193
642720054 1194
642720190 1195
642724189 1196
642724424 1197
642732835 1198
642763119 1199
642824051 1200
642846335 1201
642979697 1202
643005055 1203
643052767 1204
643060819 1205
643073880 1206
643078133 1207
643152220 1208
643160749 1209
643329030 1210
643376222 1211
643389529 1212
643393020 1213
643393688 1214
643398197 1215
643401816 1216
643402037 1217
643475630 1218
643502004 1219
643502099 1220
643502135 1221
643506462 1222
643531962 1223
643679015 1224
643691163 1225
643721915 1226
643739027 1227
643743142 1228
643760681 1229
643794320 1230
643860525 1231
643864734 1232
643868715 1233
644071614 1234
644079767 1235
644083764 1236
644092984 1237
644148539 1238
644148561 1239
644148661 1240
644148705 1241
644153089 1242
644196793 1243
644218343 1244
644378240 1245
644408508 1246
644412509 1247
644417091 1248
644421171 1249
644425543 1250
644433538 1251
644437931 1252
644442919 1253
644450565 1254
644450686 1255
644529212 1256
644538274 1257
644757911 1258
644761952 1259
644788121 1260
644862107 1261
644862119 1262
645086558 1263
645094600 1264
645111897 1265
645228729 1266
645448827 1267
645449236 1268
645456880 1269
645556717 1270
645556898 1271
665479890 1272
665556968 1273
665897487 1274
666200256 1275
666575508 1276
666942960 1277
666994301 1278
667266529 1279
667271225 1280
667279709 1281
667413225 1282
667615836 1283
668065234 1284
668384542 1285
668618317 1286
668967527 1287
669321086 1288
669325882 1289
669433549 1290
669649730 1291
669649736 1292
669666822 1293
669670654 1294
669675454 1295
669744300 1296
669965108 1297
669977676 1298
669978138 1299
669990380 1300
670003592 1301
670020922 1302
670024927 1303
670089878 1304
670115770 1305
670353202 1306
670353384 1307
670357457 1308
670357655 1309
670362225 1310
670370149 1311
670370239 1312
670431030 1313
670435566 1314
670452932 1315
670651346 1316
670681593 1317
670690090 1318
670703141 1319
670772147 1320
670776253 1321
670776480 1322
670785345 1323
670883838 1324
671035328 1325
671130857 1326
671143850 1327
671234167 1328
671393987 1329
671462984 1330
671484332 1331
671657343 1332
671660941 1333
671751354 1334
671756253 1335
671795298 1336
672002621 1337
672041363 1338
672058109 1339
672092798 1340
672149658 1341
672157925 1342
672390849 1343
672407642 1344
672429275 1345
672490308 1346
672491097 1347
672494647 1348
672494995 1349
672598344 1350
672697926 1351
672723441 1352
672809472 1353
672835284 1354
672840327 1355
673047760 1356
673068602 1357
673072771 1358
673072855 1359
673073015 1360
673077361 1361
673085197 1362
673085574 1363
673090000 1364
673158826 1365
673181026 1366
673185488 1367
673189141 1368
673405506 1369
673413730 1370
673414084 1371
673418040 1372
673418284 1373
673426911 1374
673426956 1375
673435566 1376
673513595 1377
673513680 1378
673518160 1379
673702721 1380
673741976 1381
673746277 1382
673746538 1383
673755123 1384
673758836 1385
673763861 1386
673772212 1387
673772244 1388
673772290 1389
673776769 1390
673841414 1391
673845326 1392
673867913 1393
674069555 1394
674096140 1395
674108632 1396
674108802 1397
674195925 1398
674196015 1399
674199553 1400
674200163 1401
674423996 1402
674427795 1403
674446014 1404
674532453 1405
674540638 1406
674541239 1407
674545602 1408
674549878 1409
674554589 1410
674760695 1411
674760884 1412
674781866 1413
674882237 1414
674882302 1415
674886219 1416
674886247 1417
674886426 1418
674890909 1419
674903997 1420
675097613 1421
675119034 1422
675127699 1423
675127915 1424
675136878 1425
675148961 1426
675187509 1427
675187531 1428
675187558 1429
675187572 1430
675187643 1431
675214755 1432
675227374 1433
675244095 1434
675244636 1435
675245573 1436
675442851 1437
675447609 1438
675451588 1439
675455751 1440
675468771 1441
675490204 1442
675490252 1443
675528661 1444
675551068 1445
675555065 1446
675567895 1447
675568335 1448
675577227 1449
675577297 1450
675590677 1451
675767414 1452
675779986 1453
675800740 1454
675800901 1455
675809746 1456
675809900 1457
675822559 1458
675822802 1459
675835107 1460
675887521 1461
675896290 1462
675913699 1463
676133767 1464
676138357 1465
676262737 1466
676263463 1467
676263706 1468
676479156 1469
676479217 1470
676604409 1471
676604635 1472
676802870 1473
676824431 1474
695469100 1475
695500178 1476
696617609 1477
696617614 1478
696846594 1479
696950427 1480
697265869 1481
697269889 1482
697316795 1483
697640740 1484
697939194 1485
697977988 1486
698224251 1487
698314499 1488
698331117 1489
698646654 1490
698742094 1491
698772143 1492
698979607 1493
698996246 1494
699031185 1495
699178922 1496
699358695 1497
699363923 1498
699665498 1499
699695617 1500
699752330 1501
699998408 1502
700037217 1503
700144964 1504
700335140 1505
700347500 1506
700356592 1507
700377995 1508
700442663 1509
700472947 1510
700481649 1511
700658962 1512
700801298 1513
700805759 1514
700982749 1515
701147064 1516
701151126 1517
701345660 1518
701371011 1519
701501142 1520
701522843 1521
701733434 1522
701742479 1523
701815702 1524
701815778 1525
701824508 1526
702069970 1527
702079023 1528
702079135 1529
702161043 1530
702506536 1531
702511002 1532
702730227 1533
702730249 1534
702739659 1535
702760612 1536
702760942 1537
702765785 1538
702843399 1539
702843625 1540
702847749 1541
702847835 1542
702847867 1543
702882168 1544
703050435 1545
703059097 1546
703101952 1547
703188115 1548
703188128 1549
703193246 1550
703193255 1551
703387200 1552
703421315 1553
703438567 1554
703520780 1555
703520999 1556
703702863 1557
703740639 1558
703779386 1559
703792184 1560
703857506 1561
703857634 1562
703857647 1563
703865775 1564
703866312 1565
704078253 1566
704094972 1567
704111734 1568
704116248 1569
704129001 1570
704181203 1571
704211066 1572
704216501 1573
704453006 1574
704466265 1575
704526371 1576
704543953 1577
704548170 1578
704548262 1579
704557115 1580
704561517 1581
704583323 1582
704785058 1583
704785187 1584
704785256 1585
704785546 1586
704798196 1587
704816317 1588
704880173 1589
704889031 1590
704893525 1591
705117582 1592
705118017 1593
705139000 1594
705217250 1595
705225742 1596
705230543 1597
705234668 1598
705243748 1599
705243820 1600
705454177 1601
705462899 1602
705463175 1603
705463539 1604
705471952 1605
705554290 1606
705554385 1607
705571469 1608
705575832 1609
705579678 1610
705589058 1611
705597377 1612
705787638 1613
705795727 1614
705816818 1615
705921032 1616
705925937 1617
705934237 1618
705934295 1619
705938591 1620
706145536 1621
706176085 1622
706274906 1623
706275406 1624
706279208 1625
706279799 1626
706283812 1627
706451920 1628
706473389 1629
706508078 1630
706520453 1631
706590422 1632
706602555 1633
706607701 1634
706616140 1635
706780344 1636
706819341 1637
706862579 1638
706935923 1639
706948943 1640
706952287 1641
706952549 1642
706965816 1643
707190304 1644
707190771 1645
707303341 1646
707539688 1647
707622246 1648
707626940 1649
707627039 1650
707837502 1651
707854620 1652
707854989 1653
707858790 1654
707863263 1655
707958716 1656
707962822 1657
708187441 1658
708208811 1659
708545526 1660
727260872 1661
727276708 1662
727929407 1663
727968539 1664
728625156 1665
728667734 1666
728974338 1667
728995438 1668
729007932 1669
729007988 1670
729358056 1671
729362386 1672
729677428 1673
729698580 1674
729698667 1675
729811378 1676
729867599 1677
729997357 1678
730001920 1679
730006122 1680
730118077 1681
730131007 1682
730147829 1683
730148003 1684
730165570 1685
730368076 1686
730398229 1687
730493835 1688
730687491 1689
730692294 1690
730709173 1691
730717696 1692
730721558 1693
730730860 1694
730743732 1695
730843416 1696
730843612 1697
731062953 1698
731071789 1699
731357364 1700
731434251 1701
731482010 1702
731494823 1703
731524779 1704
731525563 1705
731688775 1706
731689147 1707
732034854 1708
732064546 1709
732077752 1710
732082028 1711
732086360 1712
732163357 1713
732177096 1714
732189964 1715
732431788 1716
732487987 1717
732518846 1718
732777416 1719
732885054 1720
733100946 1721
733204605 1722
733399215 1723
733433426 1724
733458828 1725
733796382 1726
733834095 1727
733873838 1728
734088804 1729
734132592 1730
734223288 1731
734327429 1732
734408687 1733
734460065 1734
734460720 1735
734473582 1736
734491001 1737
734547253 1738
734551239 1739
734754585 1740
734814622 1741
734892616 1742
735091236 1743
735134301 1744
735250563 1745
735487570 1746
735488299 1747
735509967 1748
735569882 1749
735582897 1750
735772860 1751
736109737 1752
736140238 1753
736157288 1754
736174181 1755
736265297 1756
736291275 1757
736433303 1758
736498255 1759
736502411 1760
736506940 1761
736507123 1762
736597546 1763
736614555 1764
736615092 1765
736618725 1766
736619385 1767
736627575 1768
736779340 1769
736791573 1770
736830579 1771
736860990 1772
736942972 1773
736943136 1774
736951485 1775
736969264 1776
737189212 1777
737231959 1778
737300958 1779
737486877 1780
737491049 1781
737491087 1782
737512824 1783
737646604 1784
737819547 1785
737824168 1786
737832306 1787
737970549 1788
737979073 1789
738652131 1790
738876690 1791
738876801 1792
738886042 1793
738989372 1794
739002063 1795
739213376 1796
739226403 1797
739256609 1798
739343385 1799
739567785 1800
739917109 1801
756623488 1802
757538997 1803
758296423 1804
758674661 1805
758955666 1806
758977730 1807
758990648 1808
759633968 1809
759667315 1810
759681018 1811
759991385 1812
760021137 1813
760034514 1814
760268555 1815
760323253 1816
760358472 1817
760397191 1818
760397222 1819
760487313 1820
760690116 1821
760729207 1822
760733648 1823
760733959 1824
760798618 1825
760821030 1826
760828908 1827
760845715 1828
761040902 1829
761044410 1830
761083880 1831
761096077 1832
761182838 1833
761744194 1834
762058745 1835
762111368 1836
762184774 1837
762210257 1838
762215286 1839
762274975 1840
762525634 1841
762525980 1842
762526201 1843
762534597 1844
762745906 1845
762745957 1846
762857949 1847
762871258 1848
763086729 1849
763116783 1850
763116811 1851
763121116 1852
763186493 1853
763448955 1854
763470548 1855
763544185 1856
763807876 1857
763863652 1858
763889196 1859
763890535 1860
764144161 1861
764144274 1862
764148834 1863
764153172 1864
764222141 1865
764412104 1866
764463233 1867
764480568 1868
764817903 1869
764843860 1870
764904200 1871
765495592 1872
765504308 1873
765517214 1874
765564814 1875
765828288 1876
765858328 1877
765870889 1878
765931172 1879
765970508 1880
766126400 1881
766190829 1882
766255970 1883
766281447 1884
766303244 1885
766303415 1886
766385551 1887
766505428 1888
766596941 1889
766635463 1890
766657850 1891
766838498 1892
766863785 1893
766864238 1894
766898803 1895
766958676 1896
766972501 1897
766972529 1898
766980905 1899
766994128 1900
766998635 1901
767309009 1902
767317361 1903
767317461 1904
767455273 1905
767473384 1906
767541763 1907
767550563 1908
767641269 1909
767662994 1910
767903933 1911
767904550 1912
767964866 1913
767982148 1914
767995425 1915
768253675 1916
768323661 1917
768336083 1918
768341026 1919
768349342 1920
768538968 1921
768590452 1922
768672317 1923
768673135 1924
768677597 1925
768932330 1926
768935840 1927
769000432 1928
769000618 1929
769000814 1930
769039805 1931
769039951 1932
769048155 1933
769195048 1934
769199010 1935
769263962 1936
769264367 1937
769268002 1938
769350533 1939
769377106 1940
769553073 1941
769670101 1942
769682628 1943
769691157 1944
769924974 1945
769937253 1946
770036920 1947
770041705 1948
770249286 1949
770395472 1950
789398359 1951
789726348 1952
790405385 1953
790417325 1954
790417660 1955
790520994 1956
790641825 1957
790741191 1958
790741674 1959
790745816 1960
790754734 1961
790982851 1962
791043906 1963
791090597 1964
791371842 1965
791384849 1966
791406204 1967
791427589 1968
791457874 1969
792062042 1970
792113805 1971
792113994 1972
792450754 1973
792515974 1974
792692885 1975
792800570 1976
793115804 1977
793128475 1978
793448088 1979
793590678 1980
793595621 1981
793728667 1982
793797279 1983
793892682 1984
793905507 1985
794088227 1986
794246765 1987
794406234 1988
794462286 1989
794466376 1990
794574805 1991
794829195 1992
794837606 1993
794919689 1994
794919972 1995
794920152 1996
794945765 1997
794946803 1998
795187525 1999
795200864 2000
795541800 2001
795546494 2002
795606987 2003
795641312 2004
795814655 2005
795826923 2006
795874440 2007
795943400 2008
795943633 2009
795982766 2010
796193592 2011
796210710 2012
796288875 2013
796393522 2014
796551956 2015
796599303 2016
796616551 2017
796617009 2018
796651131 2019
796755936 2020
797014340 2021
797194962 2022
797216612 2023
797255293 2024
797277919 2025
797281464 2026
797282094 2027
797558130 2028
797562316 2029
797643990 2030
797661937 2031
797661983 2032
797929588 2033
798352235 2034
798593797 2035
798667256 2036
798935342 2037
798939240 2038
799263200 2039
799272106 2040
799521639 2041
799578347 2042
799613077 2043
799634618 2044
799721287 2045
799868224 2046
799919294 2047
799945378 2048
799949394 2049
800212579 2050
800212976 2051
800233950 2052
800238269 2053
800264315 2054
800303089 2055
800312353 2056
800368659 2057
800390041 2058
800579638 2059
800588608 2060
800618162 2061
800622401 2062
800925392 2063
800937779 2064
800964211 2065
801068349 2066
801257348 2067
801279493 2068
801283077 2069
801399904 2070
801404810 2071
801434494 2072
801671616 2073
801970070 2074
817044778 2075
819725372 2076
821418392 2077
821444004 2078
821686394 2079
821703262 2080
821728921 2081
821729208 2082
821729315 2083
821729349 2084
821729374 2085
821780859 2086
822078542 2087
822099901 2088
822376419 2089
822380754 2090
822428009 2091
822461999 2092
822505389 2093
822531203 2094
822531456 2095
822562470 2096
822833681 2097
822863807 2098
823015627 2099
823058891 2100
823144842 2101
823209397 2102
823852745 2103
823879266 2104
823913632 2105
824115747 2106
824128501 2107
824245550 2108
824263198 2109
824275830 2110
824349873 2111
824436554 2112
824457714 2113
824470535 2114
824823498 2115
824823860 2116
825182392 2117
825186389 2118
825278007 2119
825294962 2120
825489724 2121
825518758 2122
825618641 2123
825644302 2124
825822254 2125
825989433 2126
825993580 2127
826136822 2128
826567700 2129
826615735 2130
826844892 2131
826952354 2132
826957102 2133
827016935 2134
827198933 2135
827207454 2136
827323331 2137
827367235 2138
827889434 2139
827889523 2140
827911067 2141
828234642 2142
828282250 2143
828316115 2144
828316308 2145
828316322 2146
828316734 2147
828359246 2148
828592924 2149
828597380 2150
828627440 2151
828631166 2152
828658169 2153
828662384 2154
828683848 2155
828696781 2156
828705781 2157
828929097 2158
828934059 2159
828955389 2160
828963747 2161
829020447 2162
829024965 2163
829261936 2164
829279239 2165
829365719 2166
829542849 2167
829636950 2168
829645793 2169
829706709 2170
829745114 2171
830034406 2172
830301923 2173
830306703 2174
830384451 2175
830634936 2176
830665034 2177
830950541 2178
830979737 2179
831291329 2180
831295271 2181
831321033 2182
831325065 2183
831451599 2184
831955277 2185
832007501 2186
832011303 2187
832012249 2188
832016427 2189
832081349 2190
832106535 2191
832111288 2192
832133283 2193
832301110 2194
832357089 2195
832456945 2196
832646151 2197
832780447 2198
832788806 2199
833017692 2200
833025924 2201
833030138 2202
833043564 2203
851110676 2204
851114700 2205
852422640 2206
852763122 2207
852820285 2208
852897751 2209
853173648 2210
853238466 2211
853428443 2212
853437941 2213
853514696 2214
854861445 2215
854883067 2216
854953009 2217
855147657 2218
855181776 2219
855211157 2220
855493136 2221
856549718 2222
856662567 2223
856666448 2224
856670426 2225
857235574 2226
857538779 2227
857715717 2228
858453703 2229
858587718 2230
858604252 2231
858604499 2232
858608636 2233
858730688 2234
858738615 2235
858906840 2236
858907062 2237
858933153 2238
859083245 2239
859265651 2240
859269976 2241
859277690 2242
859277955 2243
859377417 2244
859381489 2245
859619198 2246
859665971 2247
859666136 2248
859688555 2249
859736554 2250
859977121 2251
860305498 2252
860314660 2253
860318176 2254
861061095 2255
861078616 2256
861251038 2257
861341500 2258
861372060 2259
861583205 2260
861665641 2261
861708626 2262
861769826 2263
862010850 2264
862014446 2265
862023125 2266
862036858 2267
862053324 2268
862278897 2269
862386599 2270
862671913 2271
862697175 2272
862705302 2273
862705904 2274
862722715 2275
862787861 2276
863024591 2277
863154484 2278
863340110 2279
863460836 2280
863496317 2281
863500820 2282
863711565 2283
863728315 2284
863841743 2285
864048288 2286
864048361 2287
864048523 2288
864070221 2289
864073833 2290
864074389 2291
864082741 2292
864385219 2293
864411332 2294
864738493 2295
883121695 2296
883500704 2297
884123412 2298
884204783 2299
884269218 2300
884273795 2301
884320493 2302
884484964 2303
884498779 2304
884782757 2305
885262311 2306
886259327 2307
886552797 2308
887015314 2309
887230673 2310
887247648 2311
887278376 2312
887588829 2313
887640858 2314
887921032 2315
888146447 2316
888577052 2317
888577071 2318
888935605 2319
888978890 2320
889863729 2321
889975909 2322
890092483 2323
890197225 2324
890287086 2325
890352070 2326
890425079 2327
890619489 2328
890671753 2329
890709439 2330
890801251 2331
891349160 2332
891409875 2333
891474688 2334
891663788 2335
891689909 2336
892109219 2337
892376241 2338
892376440 2339
892376720 2340
892385258 2341
892398461 2342
892722090 2343
892794705 2344
892997744 2345
893080047 2346
893136529 2347
893136905 2348
893338771 2349
893421054 2350
893460787 2351
893490555 2352
893515939 2353
893710296 2354
893723183 2355
893741163 2356
893754136 2357
893858151 2358
894020730 2359
894163829 2360
894172798 2361
894362173 2362
894380152 2363
894422413 2364
894500674 2365
894534421 2366
894702888 2367
894707517 2368
894724798 2369
894867675 2370
895091952 2371
895100374 2372
895441451 2373
895778605 2374
895791663 2375
910451489 2376
913681721 2377
913810052 2378
914298735 2379
914466864 2380
914665176 2381
914778159 2382
914846465 2383
914850280 2384
915188031 2385
915299337 2386
915503330 2387
915520244 2388
915605943 2389
915610561 2390
915627746 2391
915913039 2392
915960293 2393
915964748 2394
915981352 2395
916228169 2396
916296860 2397
916318415 2398
916456567 2399
916569113 2400
916637896 2401
916646779 2402
917298286 2403
917708225 2404
917919724 2405
918624025 2406
918969339 2407
919168397 2408
919448450 2409
919624822 2410
919672588 2411
920652764 2412
920657321 2413
920665877 2414
920708433 2415
920738998 2416
920869856 2417
920873167 2418
920951427 2419
920994088 2420
920994194 2421
921015773 2422
921115029 2423
921132358 2424
921438848 2425
921456248 2426
921456312 2427
921667198 2428
921684387 2429
921757789 2430
922064306 2431
922069357 2432
922073305 2433
922138567 2434
922302296 2435
922465929 2436
922595498 2437
922643119 2438
922733254 2439
922992588 2440
923027316 2441
923131004 2442
923437549 2443
923752335 2444
923761285 2445
924049792 2446
924429714 2447
924737391 2448
924788221 2449
925052149 2450
925090871 2451
925228998 2452
925241334 2453
925465972 2454
925789667 2455
925799233 2456
925803065 2457
925811326 2458
925824977 2459
925876806 2460
925880305 2461
925885748 2462
926238920 2463
926490072 2464
926584037 2465
940791248 2466
945894581 2467
945928585 2468
946274518 2469
946619892 2470
947003647 2471
947357688 2472
947391929 2473
947573616 2474
947582284 2475
947681334 2476
947685488 2477
947685653 2478
947754897 2479
947858895 2480
947862945 2481
947898091 2482
948260484 2483
948626958 2484
948648575 2485
948851462 2486
948997964 2487
949313055 2488
949347931 2489
950003666 2490
950349500 2491
950659823 2492
950768550 2493
951165633 2494
951381283 2495
951398596 2496
951670988 2497
951727279 2498
951738965 2499
951808062 2500
951842874 2501
952154184 2502
952158884 2503
952166744 2504
952374245 2505
952525648 2506
952723817 2507
952724101 2508
952736870 2509
952836562 2510
953013850 2511
953103667 2512
953410147 2513
953414780 2514
953755666 2515
953764033 2516
953855039 2517
954126293 2518
954187572 2519
954705691 2520
955464899 2521
955888209 2522
956126012 2523
956518968 2524
956519212 2525
956575157 2526
956575249 2527
956799330 2528
956799414 2529
956820619 2530
956820684 2531
957136611 2532
957157217 2533
957485415 2534
957490056 2535
957856547 2536
958197533 2537
974456295 2538
975197713 2539
976934253 2540
976964834 2541
977002560 2542
977002744 2543
977006924 2544
977046327 2545
977338882 2546
977339122 2547
977598865 2548
978068779 2549
978366493 2550
978971398 2551
979001183 2552
979066072 2553
979368408 2554
980684732 2555
980697872 2556
980978890 2557
980982986 2558
981000564 2559
981129593 2560
981333558 2561
982079951 2562
982148129 2563
982389963 2564
982416230 2565
982718586 2566
982722899 2567
982856062 2568
983063787 2569
983202377 2570
983430664 2571
983460640 2572
983522047 2573
983750516 2574
983759126 2575
983767417 2576
983771898 2577
983888897 2578
984536209 2579
984799284 2580
984799376 2581
984833702 2582
985481222 2583
985481565 2584
985485221 2585
985510931 2586
985805061 2587
985822469 2588
985839488 2589
986089634 2590
986094132 2591
986098785 2592
986621628 2593
986828383 2594
986879849 2595
987117151 2596
987190785 2597
987272562 2598
987833765 2599
987834099 2600
987842109 2601
987942060 2602
988291460 2603
988567837 2604
988909130 2605
989228019 2606
1003215282 2607
1005952640 2608
1006928515 2609
1007260806 2610
1007402796 2611
1007640554 2612
1007666180 2613
1007735501 2614
1008024276 2615
1008085163 2616
1008369339 2617
1008378448 2618
1008378609 2619
1008425971 2620
1008680614 2621
1008693462 2622
1008966615 2623
1008970563 2624
1009095570 2625
1009578838 2626
1009791141 2627
1010044978 2628
1010235132 2629
1010713883 2630
1011068028 2631
1011378821 2632
1011482740 2633
1011611587 2634
1011970102 2635
1011996877 2636
1013040388 2637
1013066710 2638
1013113953 2639
1013416131 2640
1013416147 2641
1013425227 2642
1013636956 2643
1013757060 2644
1013891539 2645
1014107332 2646
1014124309 2647
1014206712 2648
1014223948 2649
1014452870 2650
1014469498 2651
1014539429 2652
1014798169 2653
1014802430 2654
1014820080 2655
1014824204 2656
1014936626 2657
1014936705 2658
1015169543 2659
1015458774 2660
1015479949 2661
1015492865 2662
1016506999 2663
1016839809 2664
1017168501 2665
1017547830 2666
1017574059 2667
1017647483 2668
1017880794 2669
1017910233 2670
1018303586 2671
1019214774 2672
1019270475 2673
1019270934 2674
1019322922 2675
1019556103 2676
1019607245 2677
1020280792 2678
1020608033 2679
1020608279 2680
1020625448 2681
1036257907 2682
1036503560 2683
1036637638 2684
1036637830 2685
1036646944 2686
1036987921 2687
1037337131 2688
1037612992 2689
1037979778 2690
1039063931 2691
1039080957 2692
1039085109 2693
1039335355 2694
1039400642 2695
1039426238 2696
1039685005 2697
1040328771 2698
1041666949 2699
1042366365 2700
1042724993 2701
1043066007 2702
1044262482 2703
1044459902 2704
1044796706 2705
1044918145 2706
1045240983 2707
1045262699 2708
1045263640 2709
1045268099 2710
1045452897 2711
1045482779 2712
1045492192 2713
1045504901 2714
1045513736 2715
1045525957 2716
1045819957 2717
1045850110 2718
1046264861 2719
1046873413 2720
1046903356 2721
1047887562 2722
1048250312 2723
1048288847 2724
1048289014 2725
1048289697 2726
1048609058 2727
1048647522 2728
1049247113 2729
1049261193 2730
1049291085 2731
1049570983 2732
1049571474 2733
1049916348 2734
1049946735 2735
1050016388 2736
1050249353 2737
1050266721 2738
1050581215 2739
1050646637 2740
1050922195 2741
1050935614 2742
1050991297 2743
1051280385 2744
1051281052 2745
1051311534 2746
1051315821 2747
1051980223 2748
1065284812 2749
1066516552 2750
1069002537 2751
1069489835 2752
1069809216 2753
1070103072 2754
1070651567 2755
1070797450 2756
1071121755 2757
1071183464 2758
1071496918 2759
1071519343 2760
1071769518 2761
1072063538 2762
1072455791 2763
1072533704 2764
1072779568 2765
1072874511 2766
1073069488 2767
1073314797 2768
1075598224 2769
1075611602 2770
1075827302 2771
1076168044 2772
1076173414 2773
1076224947 2774
1076285102 2775
1076526556 2776
1076539350 2777
1076539598 2778
1076841388 2779
1076893223 2780
1077571786 2781
1078956785 2782
1078978823 2783
1079660882 2784
1081392708 2785
1081659180 2786
1081957306 2787
1082005161 2788
1082013851 2789
1099022750 2790
1099043553 2791
1099255933 2792
1099389583 2793
1099397913 2794
1100085251 2795
1100381898 2796
1100801188 2797
1100900138 2798
1101474458 2799
1101487727 2800
1102191395 2801
1102804327 2802
1104790425 2803
1106672761 2804
1107232942 2805
1107561814 2806
1107578710 2807
1108222244 2808
1109314712 2809
1109599486 2810
1109651526 2811
1109957857 2812
1110307501 2813
1111356585 2814
1112024879 2815
1112410037 2816
1112431072 2817
1112436285 2818
1113354860 2819
1113371819 2820
1113371822 2821
1113717709 2822
1130152325 2823
1130783454 2824
1131827390 2825
1131831990 2826
1132168616 2827
1132406255 2828
1132526832 2829
1133562752 2830
1133839128 2831
1134140939 2832
1134482718 2833
1134849005 2834
1135881013 2835
1135898324 2836
1136252170 2837
1136752885 2838
1136852717 2839
1137590955 2840
1138026774 2841
1138212774 2842
1138579549 2843
1138587910 2844
1138627253 2845
1138915459 2846
1139369242 2847
1139909038 2848
1140003523 2849
1140655376 2850
1140655624 2851
1140923511 2852
1140996390 2853
1141324564 2854
1141328881 2855
1141329227 2856
1141350537 2857
1141713514 2858
1142002856 2859
1142049877 2860
1142356576 2861
1143064329 2862
1143108190 2863
1143807196 2864
1144761556 2865
1155263986 2866
1158402729 2867
1158691908 2868
1160073701 2869
1160807120 2870
1161459105 2871
1162534149 2872
1162862710 2873
1162871168 2874
1163898298 2875
1164503211 2876
1165305889 2877
1167235473 2878
1167235720 2879
1168283924 2880
1168603800 2881
1168915489 2882
1169277100 2883
1169954704 2884
1170352367 2885
1170404875 2886
1170645699 2887
1171690432 2888
1171690479 2889
1172031461 2890
1173029301 2891
1175122887 2892
1175433492 2893
1175800378 2894
1190763066 2895
1191315642 2896
1193258702 2897
1193599804 2898
1195891557 2899
1196573432 2900
1200554295 2901
1200619473 2902
1201296549 2903
1201659335 2904
1202677966 2905
1203070528 2906
1204063702 2907
1204124270 2908
1204391417 2909
1205090786 2910
1205220831 2911
1206114100 2912
1206153341 2913
1207154756 2914
1220412108 2915
1220434040 2916
1220873945 2917
1222187110 2918
1223200775 2919
1223388206 2920
1223611056 2921
1223848354 2922
1224293669 2923
1224523027 2924
1224591253 2925
1224595273 2926
1224595608 2927
1224941044 2928
1225290240 2929
1225290633 2930
1226206190 2931
1226296238 2932
1231299343 2933
1231679666 2934
1232038141 2935
1232041867 2936
1232344382 2937
1232369902 2938
1233428010 2939
1233773217 2940
1234481054 2941
1236864195 2942
1236864438 2943
1237179690 2944
1237197175 2945
1237524538 2946
1253230203 2947
1254931127 2948
1255630284 2949
1260197431 2950
1260197510 2951
1260542968 2952
1260883995 2953
1262170241 2954
1262360335 2955
1263404948 2956
1263646693 2957
1266871604 2958
1268896703 2959
1283173461 2960
1283872218 2961
1284265487 2962
1285343852 2963
1288953551 2964
1289359184 2965
1291374677 2966
1292027772 2967
1293892027 2968
1294102958 2969
1295501882 2970
1295855722 2971
1299935493 2972
1300276335 2973
1311487571 2974
1315299801 2975
1316245799 2976
1317074822 2977
1323454861 2978
1324762843 2979
1325133618 2980
1325138101 2981
1325138116 2982
1325405571 2983
1325479712 2984
1326157533 2985
1343139850 2986
1343891368 2987
1344275238 2988
1345596879 2989
1353043462 2990
1356173442 2991
1357192528 2992
1361332091 2993
1361668991 2994
1374649768 2995
1378440243 2996
1387527359 2997
1387868622 2998
1387881882 2999
1388223120 3000
1388227743 3001
1406362611 3002
1406703818 3003
1407398468 3004
1408828544 3005
1417573898 3006
1418572258 3007
1418920942 3008
1418924735 3009
1419909152 3010
1436935320 3011
1438515327 3012
1439155296 3013
1440168755 3014
1440462865 3015
1440804168 3016
1444351896 3017
1446527869 3018
1448587188 3019
1448591766 3020
1448794542 3021
1448929584 3022
1448936559 3023
1449606569 3024
1449611593 3025
1449947649 3026
1450296978 3027
1450634305 3028
1451401873 3029
1455438367 3030
1465630554 3031
1470065021 3032
1471497788 3033
1479618250 3034
1479622707 3035
1480452227 3036
1480653743 3037
1480982992 3038
1481340761 3039
1482351119 3040
1485786914 3041
1501820626 3042
1502532423 3043
1502567833 3044
1502870544 3045
1503552296 3046
1504207129 3047
1506382974 3048
1507933560 3049
1509957347 3050
1510303733 3051
1512707390 3052
1514076455 3053
1514775604 3054
1533239844 3055
1533265020 3056
1533542078 3057
1533567270 3058
1534270924 3059
1534721340 3060
1535791554 3061
1539309006 3062
1543949467 3063
1546155976 3064
1564628545 3065
1565285353 3066
1565608898 3067
1566354821 3068
1570922129 3069
1571708235 3070
1572520204 3071
1597287219 3072
1598011458 3073
1605471724 3074
1623262447 3075
1625978349 3076
1628135911 3077
1629050586 3078
1629383757 3079
1632055020 3080
1633078450 3081
1633441295 3082
1637171546 3083
1638561518 3084
1638897627 3085
1656683728 3086
1657021094 3087
1659753362 3088
1666561406 3089
1671638278 3090
1671952694 3091
1686717182 3092
1688039474 3093
1688409902 3094
1692782686 3095
1696897255 3096
1718114551 3097
1719436402 3098
1719746297 3099
1719764109 3100
1719953914 3101
1720088459 3102
1721857844 3103
1722156238 3104
1722164148 3105
1722185618 3106
1723506321 3107
1728942250 3108
1733370882 3109
1748071079 3110
1748092323 3111
1748666238 3112
1750816348 3113
1752888162 3114
1753523046 3115
1753527805 3116
1753535481 3117
1754213254 3118
1757612027 3119
1758962229 3120
1784876854 3121
1784881382 3122
1784891294 3123
1785240458 3124
1785581836 3125
1785926866 3126
1785931916 3127
1786273098 3128
1787636059 3129
1788654858 3130
1791996293 3131
1811163357 3132
1811163598 3133
1811492235 3134
1812493277 3135
1812510378 3136
1812515382 3137
1815929980 3138
1815934776 3139
1816284179 3140
1816611349 3141
1816620233 3142
1816621089 3143
1817307538 3144
1817712927 3145
1817998046 3146
1819698673 3147
1820005073 3148
1822686129 3149
1841174731 3150
1843536369 3151
1844249219 3152
1848000962 3153
1848666581 3154
1850387882 3155
1874947561 3156
1875284107 3157
1875288631 3158
1877667406 3159
1878354046 3160
1878354441 3161
1879018709 3162
1879095788 3163
1879385017 3164
1882009576 3165
1883042152 3166
1905977495 3167
1906663903 3168
1906663957 3169
1910066090 3170
1910070652 3171
1910407468 3172
1911438496 3173
1911775733 3174
1914460817 3175
1916485259 3176
1933892078 3177
1937003721 3178
1939050870 3179
1940419606 3180
1941792709 3181
1942438892 3182
1942452957 3183
1967353179 3184
1968721678 3185
1970439129 3186
1971462092 3187
1972477099 3188
1974181774 3189
1997377784 3190
1999751538 3191
2002147259 3192
2002830391 3193
2002837964 3194
2002838841 3195
2003175684 3196
2003862685 3197
2004198088 3198
2004544173 3199
2008571631 3200
2033865410 3201
2033872849 3202
2033873422 3203
2034213892 3204
2034477252 3205
2034550982 3206
2034555457 3207
2035229272 3208
2035229936 3209
2035238470 3210
2035574498 3211
2035906864 3212
2036244317 3213
2064225833 3214
2065244716 3215
2065577319 3216
2066588633 3217
2066605141 3218
2066605922 3219
2066946900 3220
2066950172 3221
2067265009 3222
2067265677 3223
2067597984 3224
2067847820 3225
2092873489 3226
2096272398 3227
2096283582 3228
2096966671 3229
2097303136 3230
2097639393 3231
2098321419 3232
2098995259 3233
2123541376 3234
2123883176 3235
2127659983 3236
2127997003 3237
2130038437 3238
2131023294 3239
2147677469 3240
2157327176 3241
2157327321 3242
2158682340 3243
2159714246 3244
2159718465 3245
2186293111 3246
2187325736 3247
2187675035 3248
2187680237 3249
2187683348 3250
2188356978 3251
2188361816 3252
2188361989 3253
2190382236 3254
2190745188 3255
2192108884 3256
2192453806 3257
2216261919 3258
2217669773 3259
2219046255 3260
2219046487 3261
2221779613 3262
2223144438 3263
2223148195 3264
2223477154 3265
2249741022 3266
2250418423 3267
2250422894 3268
2250754651 3269
2251437875 3270
2251778373 3271
2251787239 3272
2253833921 3273
2254523290 3274
2280788907 3275
2282480586 3276
2282485535 3277
2283158828 3278
2283166650 3279
2283166821 3280
2283171130 3281
2283504379 3282
2284186501 3283
2285209141 3284
2311456176 3285
2312828760 3286
2313528908 3287
2313853267 3288
2314538529 3289
2315553068 3290
2315553917 3291
2315898572 3292
2316252268 3293
2316252927 3294
2343199299 3295
2343523062 3296
2343864445 3297
2344887829 3298
2345914819 3299
2347274239 3300
2373885250 3301
2377972598 3302
2409016548 3303
5812979948 3304
5812979995 3305
5812980079 3306
5812980103 3307
5812980109 3308
5812980142 3309
5812980147 3310
5812980326 3311
5812980467 3312
5812980470 3313
5812980473 3314
5812980494 3315
5812980514 3316
5812980520 3317
5812980529 3318
5812980658 3319
5812980666 3320
5812980710 3321
5812980732 3322
5812980884 3323
5812980916 3324
5812981016 3325
5812981228 3326
5812981237 3327
5812981240 3328
5812981249 3329
5812981266 3330
5812981268 3331
5812981506 3332
5812981517 3333
5812981822 3334
5812981840 3335
5812981872 3336
5812982052 3337
5812982295 3338
5812982324 3339
5812982711 3340
5812982779 3341
5812982885 3342
5812982970 3343
5812982984 3344
5812982994 3345
5812983128 3346
5812983240 3347
5812983258 3348
5812983533 3349
5812983538 3350
5812983755 3351
5812983825 3352
5812983831 3353
5812983878 3354
5812984012 3355
5812986121 3356
5812986798 3357
5812987034 3358
5812987773 3359
5812988363 3360
5812989469 3361
5812991473 3362
5812991668 3363
5812992091 3364
5812993667 3365
5812994710 3366
5812997319 3367
5812997961 3368
5813001678 3369
5813002671 3370
5813004525 3371
5813005012 3372
5813007108 3373
5813008911 3374
5813008934 3375
5813009445 3376
5813009554 3377
5813009567 3378
5813009578 3379
5813009595 3380
5813009620 3381
5813009650 3382
5813009653 3383
5813009766 3384
5813009946 3385
5813010212 3386
5813010265 3387
5813010266 3388
5813010279 3389
5813010748 3390
5813010766 3391
5813010770 3392
5813010801 3393
5813010828 3394
5813010843 3395
5813010938 3396
5813011125 3397
5813011133 3398
5813011165 3399
5813011166 3400
5813011286 3401
5813011298 3402
5813011320 3403
5813011407 3404
5813011471 3405
5813011486 3406
5813011493 3407
5813011512 3408
5813011660 3409
5813011858 3410
5813012136 3411
5813012193 3412
5813012231 3413
5813012243 3414
5813012255 3415
5813012492 3416
5813012555 3417
5813012619 3418
5813012786 3419
5813012950 3420
5813012964 3421
5813013194 3422
5813013202 3423
5813013303 3424
5813013315 3425
5813013616 3426
5813013630 3427
5813013636 3428
5813013652 3429
5813013653 3430
5813013843 3431
5813014032 3432
5813014242 3433
5813014258 3434
5813014341 3435
5813014391 3436
5813014640 3437
5813014777 3438
5813014793 3439
5813015068 3440
5813015124 3441
5813015327 3442
5813015408 3443
5813015448 3444
5813015594 3445
5813015711 3446
5813016625 3447
5813016631 3448
5813016958 3449
5813019513 3450
5813019517 3451
5813019526 3452
5813019560 3453
5813019568 3454
5813019588 3455
5813019676 3456
5813019732 3457
5813019834 3458
5813019850 3459
5813020189 3460
5813020382 3461
5813020388 3462
5813020673 3463
5813020676 3464
5813020684 3465
5813020696 3466
5813020751 3467
5813020785 3468
5813020800 3469
5813020817 3470
5813020850 3471
5813020855 3472
5813020857 3473
5813020988 3474
5813020993 3475
5813021005 3476
5813021046 3477
5813021122 3478
5813021192 3479
5813021223 3480
5813021225 3481
5813021235 3482
5813021238 3483
5813021247 3484
5813021498 3485
5813021564 3486
5813021566 3487
5813021574 3488
5813021602 3489
5813021899 3490
5813022026 3491
5813022160 3492
5813022182 3493
5813022192 3494
5813022199 3495
5813022257 3496
5813022259 3497
5813022343 3498
5813022375 3499
5813022424 3500
5813022429 3501
5813022459 3502
5813022507 3503
5813022538 3504
5813022567 3505
5813022591 3506
5813022759 3507
5813022814 3508
5813022896 3509
5813022923 3510
5813024852 3511
5813024933 3512
5813026037 3513
5813026589 3514
5813026592 3515
5813026613 3516
5813026656 3517
5813026661 3518
5813026703 3519
5813026705 3520
5813027016 3521
5813027592 3522
5813027692 3523
5813027737 3524
5813027826 3525
5813032485 3526
5813032709 3527
5813032847 3528
5813032990 3529
5813033000 3530
5813033324 3531
5813033379 3532
5813033443 3533
5813033551 3534
5813035230 3535
5813035328 3536
5813035418 3537
5813035694 3538
5813038579 3539
5813038604 3540
5813039860 3541
5813039906 3542
5813039910 3543
5813040037 3544
5813040123 3545
5813040133 3546
5813040190 3547
5813041169 3548
5813041174 3549
5813041177 3550
5813041237 3551
5813041304 3552
5813041525 3553
5813041707 3554
5813046185 3555
5813046745 3556
5813046951 3557
5813047448 3558
5813047739 3559
5813047763 3560
5813048127 3561
5813048229 3562
5813048437 3563
5813048745 3564
5813049102 3565
5813049378 3566
5813049380 3567
5813049481 3568
5813049907 3569
5813049946 3570
5813050455 3571
5813052205 3572
5813053669 3573
5813053851 3574
5813053891 3575
5813053923 3576
5813054204 3577
5813054659 3578
5813054853 3579
5813055298 3580
5813055535 3581
5813055709 3582
5813055749 3583
5813055759 3584
5813055768 3585
5813055800 3586
5813055904 3587
5813055913 3588
5813055949 3589
5813056041 3590
5813056054 3591
5813056057 3592
5813056062 3593
5813056071 3594
5813056101 3595
5813056168 3596
5813056257 3597
5813056261 3598
5813056791 3599
5813056887 3600
5813056909 3601
5813056917 3602
5813056944 3603
5813056979 3604
5813057162 3605
5813057245 3606
5813057481 3607
5813057861 3608
5813057864 3609
5813057933 3610
5813057973 3611
5813058008 3612
5813058048 3613
5813058050 3614
5813058222 3615
5813058272 3616
5813058319 3617
5813058320 3618
5813058333 3619
5813058342 3620
5813058350 3621
5813058376 3622
5813060068 3623
5813060687 3624
5813060697 3625
5813060701 3626
5813060768 3627
5813061024 3628
5813061112 3629
5813061114 3630
5813061262 3631
5813061642 3632
5813061879 3633
5813061901 3634
5813061974 3635
5813062552 3636
5813062686 3637
5813062858 3638
5813062907 3639
5813063093 3640
5813063587 3641
5813063829 3642
5813064332 3643
5813064828 3644
5813065004 3645
5813065519 3646
5813066377 3647
5813066983 3648
5813067732 3649
5813067788 3650
5813067963 3651
5813068484 3652
5813068603 3653
5813068748 3654
5813068769 3655
5813068773 3656
5813069072 3657
5813069497 3658
5813069512 3659
5813069630 3660
5813069859 3661
5813070094 3662
5813070569 3663
5813070991 3664
5813071068 3665
5813071257 3666
5813071348 3667
5813071370 3668
5813071475 3669
5813075619 3670
5813075692 3671
5813075748 3672
5813075806 3673
5813075824 3674
5813075875 3675
5813075932 3676
5813076392 3677
5813077569 3678
5813077929 3679
5813077961 3680
5813078068 3681
5813078074 3682
5813078263 3683
5813078487 3684
5813078557 3685
5813078641 3686
5813078739 3687
5813079192 3688
5813079193 3689
5813079288 3690
5813079425 3691
5813081474 3692
5813081849 3693
5813082239 3694
5813082394 3695
5813082780 3696
5813083316 3697
5813083359 3698
5813083733 3699
5813083779 3700
5813083780 3701
5813087620 3702
5813087817 3703
5813087837 3704
5813087848 3705
5813087891 3706
5813087953 3707
5813087991 3708
5813088360 3709
5813088412 3710
5813088525 3711
5813088784 3712
5813089157 3713
5813089487 3714
5813089869 3715
5813090556 3716
5813091577 3717
5813092319 3718
5813092990 3719
5813094598 3720
5813094811 3721
5813096198 3722
5813096638 3723
5813096699 3724
5813096832 3725
5813096913 3726
5813097020 3727
5813097634 3728
5813097926 3729
5813098223 3730
5813098374 3731
5813098776 3732
5813098975 3733
5813100373 3734
5813104563 3735
5813105726 3736
5813108129 3737
5813108247 3738
5813109064 3739
5813109120 3740
5813111989 3741
5813116551 3742
5813117385 3743
5813123042 3744
5813123584 3745
5813123585 3746
5813124162 3747
5813124939 3748
5813126031 3749
5813129453 3750
5813129481 3751
5813130028 3752
5813130366 3753
5813132515 3754
5813133463 3755
5813133506 3756
5813133903 3757
5813133917 3758
5813134055 3759
5901118375 3760
5901192948 3761
5901193720 3762
5901195945 3763
5901196159 3764
5901196319 3765
5901196628 3766
5901197108 3767
5901200903 3768
5901201676 3769
5901201909 3770
5901203505 3771
5901203987 3772
5901212906 3773
5901213440 3774
5901213624 3775
5901215775 3776
5901215971 3777
5901218930 3778
5901220525 3779
5901221584 3780
5901221890 3781
5901225197 3782
5901225755 3783
5901226036 3784
5901227238 3785
5901228218 3786
5901230025 3787
5901231318 3788
5901232546 3789
5901232690 3790
6400000773 3791
7112613360 3792
7112613371 3793
7112624947 3794
7112624972 3795
7112625063 3796
7112625115 3797
7112625126 3798
7112625282 3799
