107 921
37 145
40 177
128 1181
54 182
72 281
62 256
69 536
69 334
62 217
31 115
43 163
47 169
78 1037
42 171
63 416
25 95
30 93
66 282
207 1376
138 729
28 126
270 2115
143 1690
64 263
71 322
48 182
121 868
66 250
100 901
110 1144
63 271
195 1313
288 1666
69 666
41 194
90 518
63 406
217 1964
70 399
82 375
53 303
107 607
70 515
62 561
111 851
163 1302
197 2223
60 240
211 1201
75 386
103 628
68 607
133 820
136 1005
115 548
84 563
111 967
62 404
74 710
165 1166
95 729
99 408
63 364
47 185
66 500
60 303
135 962
73 348
193 1323
86 620
95 572
97 700
209 2614
89 503
215 3647
78 344
544 31324
95 517
50 281
109 1966
121 550
164 1992
52 277
78 488
48 420
32 212
50 287
61 316
116 2696
107 888
67 184
79 432
163 1462
82 403
175 1404
62 628
134 723
138 1719
45 441
82 370
81 586
39 151
99 891
104 405
66 339
118 1260
259 2668
177 1616
88 400
111 1908
122 684
134 857
213 1537
202 2546
88 717
186 2104
114 1005
22 64
73 437
19 121
78 342
175 1609
126 1028
58 398
42 176
44 204
115 431
34 184
71 702
44 269
130 1589
145 666
32 244
65 610
203 1888
80 514
84 539
38 204
73 679
124 972
45 176
70 640
68 532
77 755
64 474
103 535
31 217
16 64
36 310
123 724
55 241
88 507
132 617
129 976
54 220
60 687
103 807
99 1026
84 643
105 987
54 332
36 301
101 573
230 2135
58 324
70 283
83 973
100 628
118 908
200 1667
86 254
97 563
157 1557
333 2065
77 281
81 470
144 2559
67 490
118 867
120 932
110 1248
205 2838
43 1195
100 442
117 801
138 1047
115 665
36 311
104 815
68 601
159 1267
74 503
64 634
36 166
91 641
89 960
75 396
84 485
357 2145
62 400
134 1216
142 975
29 124
42 118
44 183
43 212
89 372
344 2017
58 240
35 219
120 874
205 1834
35 173
97 435
185 2775
131 785
42 216
137 2054
72 684
152 1447
26 128
117 873
103 423
98 370
135 2496
88 426
58 455
44 209
108 1046
69 564
44 211
51 219
94 1335
154 1476
194 2829
116 1304
11 77
98 715
85 922
188 1106
121 902
77 661
83 414
90 798
89 299
116 473
78 715
31 179
135 1030
61 340
103 414
68 407
64 273
88 498
66 315
76 536
85 1816
154 1042
55 219
148 1408
52 187
85 556
94 637
62 551
44 150
49 333
181 681
61 327
123 975
65 286
54 314
65 295
162 2018
77 347
112 616
86 563
84 678
53 145
82 185
109 631
24 297
99 493
18 82
77 418
57 222
29 226
48 258
151 725
77 400
76 526
91 562
124 852
70 392
78 309
50 164
88 1024
23 88
123 1326
28 267
13 64
85 460
19 137
73 543
42 219
136 866
77 562
91 568
54 233
71 599
61 210
144 1022
55 278
61 298
78 413
89 812
75 471
223 3066
137 1010
91 598
79 440
127 599
63 259
84 338
224 955
121 809
51 185
85 611
65 300
41 225
44 206
10 145
85 437
17 162
146 1144
82 426
101 515
81 391
268 2547
54 239
122 749
201 1796
58 204
52 481
76 455
63 247
11 169
65 262
63 287
92 664
80 300
55 240
66 161
88 918
61 272
49 233
42 137
82 438
51 279
81 390
25 162
109 891
109 713
90 613
44 143
84 366
157 886
42 140
100 1082
54 437
59 235
67 250
282 5779
80 450
44 177
36 456
41 144
64 227
59 557
63 265
61 241
125 1899
49 156
61 238
51 169
132 1513
38 164
41 191
67 252
62 198
38 146
66 218
90 276
121 1076
228 1231
84 443
105 969
67 266
92 977
94 446
44 168
60 252
54 204
72 240
62 244
73 249
72 358
134 1725
95 495
55 255
67 232
75 284
55 195
75 229
61 275
60 194
66 394
49 409
73 592
13 51
21 76
114 509
81 302
54 192
100 818
80 265
41 212
64 249
86 2244
84 1587
49 154
106 1149
63 186
62 200
19 219
126 894
25 107
59 248
66 517
45 638
41 266
41 191
57 294
37 256
80 947
30 195
94 458
58 238
60 448
13 43
34 218
96 612
16 121
29 259
53 392
24 264
105 718
3 26
13 51
6 56
55 434
56 300
3 29
23 404
4 25
5 35
7 28
61 527
149 1314
67 374
124 810
237 2559
75 360
105 1216
259 3403
57 280
45 209
55 359
77 578
40 207
63 215
92 520
97 648
68 330
106 884
119 1261
132 968
193 1408
101 492
78 927
150 1398
46 253
54 211
185 1406
191 1258
206 2131
121 872
29 136
81 519
84 445
26 609
85 1238
85 669
181 1710
60 532
222 1908
235 2135
61 291
88 486
190 933
102 1017
213 2205
143 1502
72 309
106 673
131 905
127 1093
171 1226
104 1427
69 231
168 1262
218 1089
26 189
80 712
52 228
44 172
45 188
44 149
31 112
213 2735
312 3490
99 702
202 1627
63 305
145 1007
108 431
183 1098
141 1221
59 210
199 1582
57 730
49 178
177 7685
73 409
115 907
