234630133 1
266187383 2
266187559 3
267551639 4
296203324 5
296203325 6
296203434 7
296203440 8
296531366 9
296535619 10
296838079 11
296855409 12
297217528 13
297580589 14
297917475 15
297921608 16
297925487 17
297929902 18
297929935 19
298258399 20
298603730 21
298607679 22
298957166 23
299290105 24
326884223 25
326884331 26
326888609 27
327587644 28
328244591 29
328274638 30
328611004 31
328939480 32
328943204 33
329566174 34
329566197 35
329638509 36
329983926 37
330415332 38
330640044 39
331343089 40
356429209 41
357224041 42
357599074 43
357945155 44
358264919 45
358639742 46
360677632 47
361005850 48
361031397 49
361312808 50
361364000 51
361376643 52
362299997 53
387568523 54
388954086 55
390352384 56
391610069 57
392389970 58
392411222 59
392757094 60
393063351 61
416876055 62
418503161 63
418516470 64
418987009 65
419345606 66
420010739 67
420325753 68
420586101 69
421041565 70
422056477 71
422056521 72
422622063 73
422738252 74
422742649 75
422751191 76
423096449 77
423101189 78
424193116 79
424193645 80
424918786 81
447599745 82
448342846 83
448869118 84
449218986 85
450034902 86
450971893 87
451049385 88
451662040 89
452689494 90
453130054 91
454822542 92
454896445 93
455500416 94
455815977 95
456523994 96
456833888 97
457520516 98
479260891 99
480029788 100
481035392 101
481070027 102
481731074 103
481747302 104
483797945 105
484368420 106
485585976 107
486194398 108
486544396 109
486876782 110
487925063 111
488572496 112
488581156 113
488922181 114
508689623 115
509945954 116
510049477 117
510987433 118
511660697 119
513344531 120
514613165 121
514816333 122
514842241 123
514850616 124
515588291 125
515869245 126
516163285 127
516214576 128
516551382 129
516780722 130
516965856 131
517242832 132
519616809 133
519949044 134
541347811 135
542376096 136
542410481 137
543049093 138
543256347 139
544037996 140
544158940 141
545501062 142
545510060 143
546641039 144
547002880 145
547158593 146
547240545 147
547331291 148
548708363 149
548722538 150
548993536 151
549269622 152
549701100 153
550081317 154
550275952 155
550275987 156
550301858 157
550319575 158
550404663 159
550422384 160
550638250 161
550655668 162
550720698 163
550962648 164
550988122 165
574511458 166
574732075 167
575197482 168
576082257 169
576502536 170
576566223 171
576566287 172
576566621 173
576574889 174
576825965 175
576898212 176
577244511 177
577330676 178
577709776 179
578936675 180
579234980 181
579536041 182
579575594 183
579700707 184
579946370 185
580662960 186
580732172 187
581004609 188
581790318 189
582381047 190
582696254 191
602368546 192
603068370 193
604070433 194
604195247 195
604289581 196
604709727 197
604864322 198
607273128 199
607597135 200
607929192 201
607933758 202
608261812 203
608369629 204
608948356 205
609587594 206
609591891 207
609655670 208
609656444 209
609975449 210
609992451 211
609993550 212
610312734 213
610342229 214
610981584 215
611015907 216
611037750 217
611357256 218
611629428 219
611694145 220
612034653 221
612138999 222
612367371 223
612742224 224
612746557 225
613079053 226
613083298 227
613175370 228
613179816 229
613394707 230
614081109 231
634879889 232
635890732 233
635895000 234
635908014 235
636944318 236
638312678 237
638394209 238
638964662 239
639008013 240
639995972 241
640665331 242
640691030 243
641709938 244
641714522 245
642365841 246
642509080 247
642724189 248
642763374 249
643389529 250
643402037 251
644113913 252
644118254 253
644421171 254
644450686 255
644757911 256
644761952 257
667266529 258
669649730 259
669649736 260
669965108 261
669978138 262
670353202 263
670357457 264
670370239 265
671756253 266
672192070 267
672598344 268
672840346 269
673085574 270
673090000 271
673435566 272
673772290 273
673776769 274
674108632 275
674108802 276
674446014 277
674532291 278
674558711 279
674760884 280
674807824 281
674882237 282
675127915 283
675577297 284
675809900 285
675822559 286
675887521 287
697269889 288
698742094 289
698979607 290
699687305 291
700658962 292
701345660 293
701742479 294
702152113 295
702730227 296
702760942 297
702882168 298
703106626 299
703857506 300
703857647 301
704453006 302
704548262 303
704798196 304
705217250 305
705463539 306
705471952 307
706508078 308
707837502 309
727929407 310
728625156 311
730006122 312
730398148 313
730398229 314
732431788 315
733182574 316
733203990 317
733458828 318
735488299 319
736109737 320
736286550 321
736433303 322
736502411 323
736791573 324
736860990 325
737189212 326
739213376 327
758674661 328
759667315 329
760268555 330
760397222 331
760798618 332
761040902 333
761096077 334
762037782 335
763086729 336
764817903 337
765504308 338
766186252 339
767541763 340
789398359 341
790405385 342
790417660 343
790741191 344
791043906 345
791406204 346
791457874 347
793728667 348
794406234 349
795826923 350
796193592 351
796393522 352
797558130 353
798939240 354
799945378 355
800233950 356
800622401 357
800937779 358
800964211 359
822078542 360
823879266 361
825489724 362
826844892 363
827889523 364
827893839 365
828934059 366
829636950 367
831325065 368
833043564 369
853173648 370
855493136 371
858928511 372
859265651 373
862697175 374
862722715 375
882922539 376
884123412 377
885257938 378
887640858 379
890425079 380
893490555 381
894020730 382
894172798 383
894422413 384
894702888 385
895441451 386
912583959 387
914466864 388
915273417 389
915615021 390
915623395 391
915964748 392
921667198 393
923415956 394
924049792 395
925241334 396
925811326 397
951808062 398
952374245 399
977006924 400
977352235 401
983063787 402
983093876 403
983426636 404
983430664 405
983767417 406
983771898 407
984536209 408
1008378609 409
1014107332 410
1014465452 411
1014802430 412
1039063931 413
1039080957 414
1044918145 415
1045141938 416
1048250312 417
1049247113 418
1049946735 419
1070141508 420
1073069488 421
1101487727 422
1102191395 423
1106888382 424
1112443807 425
1134140939 426
1134849078 427
1138026774 428
1138579549 429
1138587910 430
1141329227 431
1144761556 432
1165305889 433
1195891557 434
1223274640 435
1225290633 436
1226206190 437
1230095228 438
1237179690 439
1262360335 440
1263404948 441
1291142212 442
1291374677 443
1294102958 444
1300276335 445
1325138101 446
1325138116 447
1345061120 448
1362674294 449
1407139453 450
1415829386 451
1419909152 452
1439754917 453
1449606569 454
1465630554 455
1511016097 456
1598011458 457
1748092323 458
1752888162 459
1754213254 460
1785931916 461
1787636059 462
1910070652 463
1914460817 464
2065244716 465
2282485535 466
2283504379 467
5812980529 468
5812980884 469
5812981228 470
5812981237 471
5812981381 472
5812981517 473
5812982324 474
5813009620 475
5813012136 476
5813012786 477
5813013342 478
5813014032 479
5813014640 480
5813016900 481
5813019560 482
5813019833 483
5813020800 484
5813020993 485
5813021005 486
5813021235 487
5813021602 488
5813022160 489
5813022337 490
5813022375 491
5813022814 492
5813022923 493
5813026661 494
5813026705 495
5813027592 496
5813027737 497
5813039906 498
5813040712 499
5813041169 500
5813046185 501
5813049378 502
5813053712 503
5813055749 504
5813055769 505
5813055949 506
5813056054 507
5813056261 508
5813056887 509
5813057861 510
5813057973 511
5813058050 512
5813058319 513
5813060768 514
5813061538 515
5813062552 516
5813062838 517
5813063137 518
5813063587 519
5813069072 520
5813069497 521
5813069630 522
5813069683 523
5813070569 524
5813071370 525
5813075619 526
5813078074 527
5813081474 528
5813083733 529
5813083779 530
5813083780 531
5813087891 532
5813089157 533
5813096198 534
5813109327 535
5813111272 536
5813117385 537
5813123584 538
5813130366 539
5813132515 540
5901203505 541
5901212906 542
5901213440 543
5901213624 544
5901232053 545
