292 2007
112 621
66 275
140 582
221 1827
61 292
418 2706
41 144
144 440
152 604
162 516
202 716
225 686
184 615
178 887
171 717
177 661
154 427
89 220
123 393
153 696
130 464
293 1251
186 862
257 2952
63 196
63 147
166 562
44 91
428 2568
175 608
147 1657
122 615
192 1481
59 155
93 337
99 356
91 363
100 464
162 667
161 599
152 703
189 1155
187 1452
170 696
193 712
438 2345
146 744
566 2767
835 17863
85 278
221 2596
43 80
93 335
197 951
119 280
88 400
76 390
204 661
309 2639
136 669
106 378
180 781
51 138
58 264
201 1257
151 1012
179 519
150 782
317 1395
150 869
103 746
125 474
200 666
174 687
151 615
841 5390
517 4396
413 4543
240 1632
149 512
131 458
129 725
734 6138
224 1092
71 204
178 718
165 659
128 454
160 557
93 420
362 1913
75 207
224 1170
99 480
173 1434
150 995
182 1006
184 1019
679 6351
177 605
639 4892
260 1809
180 1019
464 2454
165 624
564 3925
201 648
543 3228
294 1082
227 1123
165 760
984 5653
217 1957
106 308
149 593
195 960
281 1240
126 452
197 1284
128 330
217 1285
621 4724
740 4087
174 655
222 1047
150 495
151 470
104 266
161 408
295 1483
153 1032
330 2189
225 681
266 1991
120 478
112 1154
111 630
57 325
123 330
191 623
147 492
52 191
230 1487
452 2670
196 922
281 1746
484 3202
169 703
155 1168
604 3781
151 310
125 369
171 551
255 1642
468 5247
70 208
1057 11416
205 771
144 934
92 177
235 1112
173 1014
358 2016
83 196
190 871
134 391
95 195
83 177
304 1785
55 206
114 502
115 758
111 796
359 2171
47 186
205 1452
117 421
87 189
236 1176
154 589
376 2203
186 1459
140 1235
441 2829
83 835
463 3664
211 1106
255 1293
342 2451
154 1304
157 596
129 512
258 1275
240 1756
70 133
169 403
103 209
103 366
109 264
179 1118
142 497
368 2521
178 1182
128 534
204 1157
118 326
116 361
284 1247
128 503
315 1590
568 3190
46 124
217 1343
154 806
212 1173
234 1053
143 430
243 1616
582 5357
217 712
700 10596
221 632
43 71
208 531
181 832
217 970
51 191
333 2204
116 723
217 1115
229 983
340 2766
374 3932
204 1581
128 335
501 3678
125 439
332 1494
251 3831
497 4498
116 592
109 627
104 436
146 1282
107 285
200 1223
125 883
144 776
110 214
440 1913
261 1923
97 319
151 840
129 492
125 418
134 621
146 627
55 152
274 3234
173 320
39 205
114 398
355 2329
121 457
164 985
87 497
589 2416
142 445
150 351
187 422
511 3155
106 258
85 784
440 3063
124 709
137 574
85 362
360 2166
143 1763
78 305
342 1287
358 1644
240 3294
390 3068
150 553
121 914
193 915
119 300
191 1110
144 421
139 669
220 1109
277 1570
49 187
130 385
245 1784
139 488
128 457
103 343
330 2197
135 522
326 2400
155 534
79 215
105 384
168 1098
294 911
807 3546
131 497
89 316
189 878
141 432
375 2035
307 1747
186 1005
50 176
344 2702
442 2403
248 1173
50 165
244 1125
1507 23904
96 358
44 185
476 3459
260 973
232 1031
561 6536
138 251
197 1530
127 628
47 236
97 305
49 172
171 492
321 5009
274 1196
251 1110
332 1717
338 1774
670 4613
569 5927
182 677
98 348
247 1603
444 4829
141 520
201 904
149 1004
81 220
308 990
223 1550
139 607
123 509
194 906
219 1209
197 1179
232 1058
305 1986
106 468
127 390
83 290
409 1463
96 427
117 306
228 854
198 708
141 249
454 2903
397 2623
136 534
186 637
69 176
216 1276
112 376
103 623
87 269
432 1858
83 189
114 449
116 348
146 1072
96 259
215 1129
132 608
324 2388
118 249
65 650
137 419
334 3077
272 1385
58 240
62 265
349 2100
73 254
537 4480
65 178
180 652
236 1470
192 1057
911 17220
94 490
456 3265
77 333
320 1155
83 644
120 632
135 337
343 1161
572 3827
229 1129
151 1036
85 225
201 1334
63 263
172 878
139 423
117 303
147 349
518 2320
211 1630
774 6171
321 1603
108 439
139 1369
146 686
77 374
188 657
22 102
54 169
114 222
225 1004
101 257
191 1667
73 190
26 59
28 101
54 178
242 1792
71 229
18 32
30 70
52 166
66 199
55 178
105 310
282 1668
27 95
15 37
98 900
145 721
70 225
269 1832
244 923
180 608
130 745
166 417
287 1442
153 422
190 388
103 597
126 395
88 251
542 4250
189 602
103 164
28 75
237 758
48 93
143 369
530 5751
125 482
73 253
798 5269
26 105
122 926
138 238
71 181
63 183
342 1550
146 385
169 605
700 4538
199 1171
176 589
74 209
24 40
834 3164
475 5627
125 406
114 282
136 416
268 1018
278 2582
325 2737
182 762
113 1072
313 1936
140 552
76 207
71 380
416 3559
127 837
136 709
269 2256
136 629
152 599
266 1650
216 1091
640 4862
251 1086
144 387
319 1964
134 525
65 401
90 337
66 140
77 376
138 603
105 295
177 1019
192 931
218 792
181 891
101 850
390 1634
196 1594
131 440
133 552
490 2545
60 147
264 1338
51 143
154 582
276 1709
554 3555
258 836
291 1443
459 3291
1008 5341
171 493
115 398
92 210
234 1072
447 5395
595 1780
32 86
216 1873
57 192
484 1641
297 1538
164 522
489 4599
82 235
172 604
49 119
130 341
317 1674
147 454
214 1005
293 1800
145 398
277 898
194 919
318 2021
594 6230
142 1882
210 1275
224 711
130 392
132 528
140 383
537 3030
315 2086
62 274
118 574
70 293
175 699
296 1416
58 119
61 183
375 2847
324 2177
9 12
69 227
140 663
85 191
71 234
142 505
68 149
140 418
486 2689
261 1296
22 33
47 98
87 406
86 233
267 1221
351 2100
148 857
167 1072
273 1948
91 319
189 956
197 1858
320 2914
126 722
75 194
262 2121
228 2453
197 814
253 1587
38 157
147 605
161 757
211 1756
18 26
72 266
74 237
114 304
140 826
113 292
215 894
85 288
154 432
257 1108
115 348
1030 4347
65 476
395 1847
207 1115
348 2125
142 350
120 380
344 2568
201 732
323 1188
93 291
59 198
149 508
98 250
151 400
124 417
91 364
94 375
236 1025
983 4040
103 421
195 1089
185 549
166 596
97 534
317 2087
52 183
239 1673
569 5043
141 576
501 1833
8 11
156 606
121 369
612 2262
132 810
93 293
62 129
226 1503
221 719
503 7075
146 571
148 483
444 2002
373 2069
434 6689
185 746
135 434
111 358
146 547
85 274
73 227
379 3832
531 2705
69 477
89 303
411 2919
278 931
168 564
285 2120
334 6132
334 1814
233 803
291 1155
271 899
256 1121
214 594
166 521
259 847
309 1040
335 2110
74 201
424 2589
368 2361
227 673
374 5348
236 1016
289 1104
148 905
290 1862
70 462
3 3
62 463
131 725
67 560
58 351
72 114
94 294
131 727
41 145
96 310
149 518
273 2770
449 3119
79 241
119 665
244 2526
110 484
560 6341
74 182
91 203
166 461
126 364
33 96
576 2088
82 181
70 326
127 406
233 1559
155 617
201 1038
94 246
103 978
140 355
264 809
201 821
193 808
507 2652
112 356
190 727
305 1694
193 1170
460 2441
113 436
137 1035
77 235
397 5622
82 224
213 988
217 1956
137 313
7 7
420 1271
237 1167
145 649
364 2300
320 1021
139 451
113 259
164 433
184 1577
196 1765
446 6656
75 295
86 130
137 456
129 346
84 300
122 377
253 2506
1 1
254 1488
367 2188
134 266
412 5287
408 1538
176 664
68 420
154 555
228 1025
107 327
292 1019
217 944
7 9
14 19
3 4
96 334
272 955
142 379
182 497
9 11
132 391
400 1568
397 1764
443 2368
42 134
147 685
151 872
285 1356
7 15
278 1239
122 377
125 413
110 525
190 921
147 475
111 1195
226 2986
90 262
18 42
267 990
90 387
73 410
810 12495
156 795
207 954
163 858
63 231
421 2380
99 309
338 3319
342 2458
165 470
9 15
157 781
37 151
25 46
251 1271
271 1287
4 4
117 368
166 1249
149 515
4 4
181 677
152 511
60 204
132 531
76 156
144 387
186 614
177 793
74 186
99 213
69 207
132 394
78 193
490 1300
111 393
72 217
60 194
35 68
585 2951
174 602
184 1052
152 607
160 878
343 2057
169 659
59 320
32 51
32 49
207 654
186 920
120 470
193 2573
58 151
256 1205
105 407
136 422
144 666
78 531
156 610
167 572
266 1194
296 1395
1 1
107 298
145 523
222 1188
295 2125
75 159
54 177
70 268
115 360
59 294
117 772
111 339
82 372
49 108
71 218
265 970
257 1051
329 1857
111 402
308 941
191 619
75 231
1 1
148 435
157 698
335 3392
63 372
48 137
482 2354
6 7
121 701
214 862
159 757
266 1907
70 574
64 244
197 804
151 797
153 683
335 2129
242 1041
141 490
84 203
138 337
119 474
224 1643
117 278
137 544
134 391
415 1801
39 79
233 1049
168 719
84 340
197 1526
347 2361
49 105
267 1810
136 653
92 243
161 834
149 400
121 363
56 246
177 1064
82 179
89 268
128 1094
342 1638
417 2064
446 1885
84 293
461 1365
200 1032
56 200
169 425
76 224
77 255
248 1075
169 484
95 229
98 662
200 1618
89 238
5 8
226 1885
68 214
74 288
15 30
25 53
83 238
129 748
206 694
315 2691
10 25
1 1
106 471
186 572
52 163
195 452
172 480
126 827
93 209
70 308
799 2861
65 215
180 500
190 669
4 5
229 927
195 2509
73 479
184 962
187 1017
208 653
189 709
152 662
406 2472
107 373
63 353
98 376
42 101
424 1372
37 104
162 700
201 617
351 1817
245 1544
112 284
68 159
54 142
187 935
275 919
145 622
81 256
393 3246
16 38
32 95
116 383
131 322
242 1255
389 4014
116 400
114 222
147 1366
59 391
7 10
44 115
42 202
17 31
174 638
155 808
169 936
184 1066
243 773
181 1348
234 1287
260 2364
200 1248
104 378
126 409
107 381
79 235
230 1236
149 634
91 173
390 2310
88 252
39 97
28 60
95 517
27 57
183 850
179 917
213 956
132 647
93 254
139 467
90 806
67 388
104 214
155 772
102 304
166 1049
247 1623
220 860
188 843
236 2031
42 61
275 1618
104 770
22 32
195 730
672 7228
76 270
73 181
103 538
115 286
148 403
272 872
164 476
105 210
274 624
275 2080
179 893
316 2081
378 2233
649 1895
220 1206
191 698
285 1842
43 128
356 1693
82 283
24 68
206 671
180 875
710 2853
299 1486
3 3
159 474
205 698
29 150
202 874
167 1402
165 391
151 331
53 114
157 540
289 3345
146 418
263 793
85 312
195 1063
97 315
187 653
163 959
151 425
87 196
83 220
117 585
98 283
160 348
175 771
69 176
75 449
45 203
235 965
46 154
91 304
92 295
130 577
370 1985
200 701
113 350
48 142
97 563
91 229
81 250
41 158
204 781
360 1831
84 255
17 27
24 30
78 452
131 383
124 459
85 212
115 641
292 1169
81 193
119 450
57 316
224 968
67 190
55 427
96 279
109 457
781 6331
69 701
110 346
50 142
44 151
39 115
113 387
337 1079
273 1529
383 2394
36 142
189 830
6 8
1 2
2 2
75 305
18 37
103 285
266 1956
201 563
224 740
4 5
119 606
50 127
222 847
3 4
123 479
98 1146
417 2211
547 3531
144 1028
158 536
56 257
78 359
162 1116
78 267
172 756
6 6
174 621
322 1199
195 823
45 192
123 435
94 344
225 684
83 369
37 86
45 176
146 466
212 1065
57 153
100 255
83 229
185 499
134 483
76 226
10 14
226 1346
211 844
283 693
125 392
55 201
173 820
209 514
133 430
132 410
172 581
58 198
180 817
106 290
82 737
101 313
97 276
104 544
109 546
245 1608
236 1116
93 343
106 227
156 2374
592 4582
187 1110
154 766
127 567
610 5760
211 1767
274 966
92 202
91 353
106 287
213 858
92 202
309 3280
142 496
3 3
21 31
65 136
163 1108
127 901
144 446
139 378
16 20
148 420
58 205
182 640
169 718
182 630
199 1290
151 555
39 201
76 163
92 266
179 1012
67 203
79 331
55 162
232 811
84 334
113 272
99 398
4 6
12 16
50 131
263 1557
43 70
77 401
84 215
141 452
173 817
122 301
258 1382
80 446
115 348
192 523
230 1361
111 334
271 1154
340 1754
106 233
95 198
80 198
46 124
5 10
180 639
110 268
4 5
2 3
77 306
187 551
343 1596
270 1614
171 1066
65 187
266 691
96 309
95 248
4 6
76 303
258 2297
123 355
126 510
165 514
56 188
114 377
98 243
223 1585
96 215
154 522
206 597
54 146
137 494
9 13
150 423
133 573
55 120
58 184
204 678
212 1738
133 678
122 356
794 11630
141 598
60 124
54 145
61 226
110 395
63 246
274 1039
2 2
258 1056
99 521
144 487
1 1
35 52
185 936
194 2523
184 649
3 7
73 269
213 1223
205 887
109 371
101 221
4 5
3 4
25 47
230 1865
7 15
94 440
98 699
133 1195
41 61
87 282
57 136
46 104
42 101
59 190
82 234
150 441
90 281
107 281
82 224
42 104
189 832
178 722
146 913
200 963
147 449
111 370
7 12
128 386
22 40
158 343
126 440
95 318
303 1500
2 2
12 18
199 624
175 780
95 405
126 412
151 679
266 1471
211 742
207 797
163 555
11 11
8 12
75 129
239 1149
422 3216
327 4342
2 4
157 376
237 722
173 869
61 263
161 529
6 7
355 3718
4 5
56 169
105 878
99 298
60 237
232 1297
109 439
121 1341
127 314
101 259
137 465
141 656
37 128
73 202
102 256
120 408
85 256
76 154
208 710
138 384
92 454
138 439
69 118
61 134
74 192
134 197
181 708
382 1651
117 303
14 22
31 41
6 6
5 5
156 815
173 979
49 155
124 665
10 15
113 508
36 98
62 166
93 307
272 1637
2 3
218 1341
684 3126
203 807
153 400
7 13
134 381
5 7
273 1933
102 270
292 2872
107 251
207 1178
23 59
109 417
62 143
44 135
9 14
95 260
139 338
77 186
79 145
267 2171
209 773
90 194
79 140
80 280
68 249
42 159
70 259
59 203
71 193
4 5
4 6
146 517
132 437
123 420
3 3
15 27
255 1654
192 1883
130 520
73 361
151 533
3 4
160 614
230 1525
59 175
50 101
398 2673
29 47
164 808
210 1559
242 1650
184 749
120 311
126 374
167 661
101 525
107 334
81 193
166 976
143 444
110 323
64 238
90 248
71 130
139 395
14 19
85 167
77 154
119 516
138 626
72 229
110 322
137 473
142 436
142 487
129 370
65 219
130 406
127 472
1 1
4 5
186 626
144 521
151 695
384 3764
161 805
77 191
6 6
7 10
44 172
82 282
112 511
250 3031
107 387
9 11
258 1807
195 1006
214 1279
41 109
119 627
25 60
23 40
312 1453
36 67
15 101
110 348
106 514
95 258
14 28
29 60
97 335
156 516
70 147
134 436
97 266
5 7
35 76
102 279
124 341
242 1675
1 1
426 2362
77 260
81 182
134 460
144 489
142 324
124 394
126 442
153 504
126 363
142 390
136 547
211 904
22 33
369 3259
84 254
202 633
182 676
164 915
22 30
17 22
9 11
6 8
1 1
321 2733
7 8
81 199
56 98
44 204
84 317
92 671
212 1068
21 51
20 56
104 321
157 754
122 344
248 1172
123 325
36 109
136 418
107 334
58 95
551 2939
69 122
101 355
93 474
36 58
2 2
125 386
150 439
126 459
131 372
146 379
4 5
6 7
224 1620
101 284
13 19
193 819
180 1296
192 1258
4 6
183 1332
1 1
79 229
281 1398
226 817
190 875
2 2
191 762
70 316
87 250
71 334
90 390
210 1664
65 150
71 312
68 273
101 575
167 722
191 773
53 96
154 481
45 94
100 365
104 254
516 2805
55 105
41 82
82 410
80 154
93 296
81 156
94 207
103 371
146 447
127 439
151 437
118 470
264 868
87 250
71 146
104 389
6 8
489 6376
199 1467
153 364
46 97
166 674
75 209
232 1244
160 448
82 161
115 287
96 310
101 250
122 364
14 47
301 3841
50 118
60 142
118 476
4 4
11 14
236 1927
6 12
139 962
258 2609
5 5
62 286
176 1019
69 354
51 133
61 191
135 454
68 142
203 515
116 408
57 92
127 373
51 85
80 369
72 161
127 362
37 157
287 2141
142 433
199 995
285 4659
4 5
120 461
167 3872
110 1185
3 5
118 627
349 1163
304 3911
301 1193
41 114
229 1855
130 530
36 56
144 619
27 65
26 71
56 98
105 634
64 450
143 390
78 197
85 170
84 168
123 1559
14 17
198 1055
105 358
157 507
557 1710
238 635
53 135
12 29
146 576
128 386
107 409
83 320
158 2742
26 63
76 264
87 210
106 343
131 404
96 435
188 1013
47 125
86 600
35 97
43 80
73 405
47 158
35 258
150 482
111 322
131 426
10 12
229 2059
50 142
5 6
1 1
175 980
104 524
81 777
73 371
90 639
84 530
83 154
180 3995
102 584
62 467
63 521
17 37
78 325
42 89
53 140
239 1710
105 324
123 457
57 170
73 195
92 516
102 223
291 3311
66 131
46 536
102 1094
150 597
72 325
141 438
336 2310
94 528
270 1080
82 920
83 344
8 11
157 977
137 806
100 304
88 207
122 431
103 450
81 513
265 1633
63 245
3 3
8 11
189 1187
41 95
39 166
25 91
60 189
82 456
117 523
11 14
3 5
5 9
60 182
52 113
41 74
30 50
55 130
107 482
117 487
15 25
102 497
268 1587
8 16
10 25
83 281
12 18
70 673
30 145
53 166
179 1424
103 405
40 122
28 74
101 504
62 217
9 9
356 3237
8 11
217 727
179 1233
92 515
50 165
270 1916
81 368
113 1759
63 221
89 478
6 8
52 75
16 48
52 214
1 2
37 83
127 711
86 310
42 124
7 10
185 1455
77 713
58 375
56 338
195 1810
5 6
4 7
30 145
15 24
60 164
1 1
618 6258
85 339
108 341
5 18
291 1611
5 7
18 34
93 302
49 83
106 281
36 141
13 114
41 531
390 2053
134 1398
154 2168
10 16
186 2742
18 62
3 6
66 321
758 6294
105 330
22 65
96 1885
3 3
11 11
34 76
1 1
1 1
111 2116
148 1394
112 600
10 27
41 119
4 6
70 150
67 415
75 368
3 3
27 54
39 182
19 54
29 54
100 584
31 61
22 68
91 1551
28 84
13 72
18 169
45 98
3 3
32 92
53 138
1 1
21 53
25 101
295 2403
2 9
1 2
2 2
3 3
216 1300
28 46
183 873
4 4
52 369
34 116
31 85
16 47
122 317
16 193
14 117
114 1048
1 1
29 61
2 3
28 52
50 132
2 2
537 4376
3 3
2 3
112 1532
81 1801
11 18
19 199
92 349
2 4
1 2
32 91
38 107
106 879
281 1298
10 15
37 102
39 210
147 803
41 90
18 51
71 420
31 51
8 26
2 2
10 14
1 1
92 1125
41 495
52 241
10 15
46 112
27 444
3 4
52 619
64 726
11 29
7 8
47 159
15 39
1 1
10 93
3 4
10 20
36 68
18 33
3 5
2 4
18 45
11 16
18 38
13 20
12 29
2 5
16 52
3 3
23 35
18 23
31 91
16 39
5 5
4 4
18 174
1 1
23 37
19 44
14 43
21 72
2 3
1 1
3 3
45 123
3 3
7 14
3 5
4 4
37 127
29 84
25 50
17 37
18 73
14 39
14 26
22 32
1 2
9 23
8 15
4 5
1 1
10 18
21 41
84 190
2 3
16 19
12 29
17 39
11 17
16 21
5 7
16 71
5 5
25 47
2 2
23 83
12 14
6 8
7 17
3 6
37 122
12 16
2 2
10 16
15 43
21 54
1 1
1 2
8 12
4 6
1 1
6 9
4 5
7 11
6 8
4 5
4 5
23 80
1 1
3 3
18 43
26 70
13 18
2 4
1 2
2 4
2 3
1 1
2 2
1 1
11 36
8 11
5 26
1 2
1 2
5 5
2 2
9 12
3 3
97 287
143 516
170 728
178 548
49 113
201 861
121 389
102 301
222 994
165 1132
92 458
212 1363
105 355
253 948
425 2674
162 750
135 704
181 1186
315 1397
633 7037
163 911
198 1033
518 5212
187 612
112 331
124 406
307 2574
201 1293
88 531
98 546
53 332
121 365
146 525
157 918
96 241
207 912
196 2352
366 3556
159 741
42 80
25 47
75 152
70 577
23 43
118 265
28 51
16 76
44 137
17 35
42 636
9 10
20 31
6 7
109 505
113 457
64 212
726 6914
81 186
116 342
93 248
145 533
66 227
61 164
95 476
140 411
35 86
49 110
227 1047
229 879
171 385
101 316
93 361
410 3052
159 378
79 362
193 727
845 2914
110 373
165 309
301 2847
171 685
107 420
187 933
62 423
99 332
186 618
30 52
98 260
165 974
88 328
57 208
71 295
231 1404
233 721
47 156
315 1076
197 933
94 193
140 352
183 742
102 605
58 187
76 224
96 223
102 700
33 111
141 387
122 460
255 1122
115 447
77 1016
44 90
265 1021
285 1647
138 531
136 707
200 822
115 489
237 1369
344 1339
142 572
163 629
763 4309
274 2076
407 3733
42 192
236 1690
154 682
162 580
369 2196
154 464
309 1405
174 862
164 1093
354 1417
512 4748
209 712
146 1141
246 1015
98 401
291 1267
377 3271
153 802
218 647
381 2773
45 95
295 3322
287 974
87 391
82 568
284 1775
140 635
157 452
126 399
173 447
59 293
111 901
693 5890
140 754
583 3611
573 2960
145 726
544 5564
296 1569
120 537
107 382
47 94
159 293
91 211
36 111
127 593
37 104
11 27
71 213
70 117
61 168
254 786
281 1927
287 944
124 1177
217 706
191 717
213 1439
186 940
55 116
54 124
110 366
91 1768
38 131
12 16
142 1577
320 2054
17 44
33 97
196 1879
65 236
211 1822
78 287
515 2496
93 475
95 264
90 200
236 1657
15 139
60 628
238 861
160 437
156 1173
75 124
455 2831
68 309
147 1032
407 2440
393 2000
589 5194
85 478
206 1176
631 4474
198 796
222 1499
146 711
197 855
81 210
84 344
6 12
128 425
235 1492
377 1713
1023 10766
151 1735
236 1643
97 435
66 152
550 2422
47 395
159 540
262 1848
554 5786
212 1130
318 1714
258 657
431 3961
416 2464
125 541
184 2602
245 930
179 633
171 596
226 651
232 2160
553 2338
90 193
47 90
17 52
409 4969
750 5732
127 515
442 2204
23 42
348 4055
74 276
239 1912
172 710
131 380
104 265
71 213
12 23
140 482
39 130
155 716
242 1331
56 116
129 536
591 4900
5 15
105 1379
593 2581
289 2030
559 1779
138 891
318 1064
326 1049
113 324
150 517
295 1507
224 1231
107 507
209 825
90 265
168 1014
183 585
111 770
8 25
177 742
186 804
217 1830
191 903
133 517
113 337
144 405
107 393
195 2226
97 268
77 404
616 8362
885 7342
59 131
348 1855
84 241
180 707
116 605
48 89
500 3268
90 227
96 174
57 282
42 113
160 817
186 626
101 399
118 604
132 517
135 227
191 536
172 844
1 1
99 287
115 500
262 2009
132 353
66 151
358 2208
276 1258
54 176
459 3130
207 969
204 878
190 771
116 448
96 254
87 305
58 168
115 345
512 3877
302 1694
84 271
64 171
261 1423
110 1087
164 788
102 292
193 909
165 1047
99 290
119 220
140 1203
141 495
532 15833
202 779
98 590
11 26
236 1372
89 545
71 502
2 3
66 257
1 1
44 106
307 2118
135 614
341 2895
7 13
