356 2325
348 1745
442 3685
53 105
48 225
33 121
122 394
89 375
185 1830
126 1353
115 712
224 4572
321 2106
198 1313
94 539
198 1026
165 1726
203 1316
256 4185
291 5250
90 390
78 367
117 668
137 751
158 1431
220 1696
210 1679
328 4563
137 705
276 3423
163 1341
270 4131
329 3638
142 984
265 3479
192 1864
184 1581
242 3012
150 970
147 1011
221 1413
206 892
322 2536
224 3291
364 4302
235 3020
59 889
26 97
38 111
191 1968
350 2050
56 202
117 673
310 4547
287 5121
51 192
243 1367
144 631
274 1513
326 3193
133 454
39 124
57 248
367 9265
224 3455
234 3074
118 424
599 6068
236 1885
102 555
131 682
109 541
164 828
270 1811
136 689
212 810
145 770
190 1127
382 11037
232 3302
236 1774
283 1673
65 185
172 826
419 2942
173 658
161 555
225 1028
226 1230
41 98
102 648
127 692
48 297
192 1829
117 1668
344 2765
261 4017
221 2384
95 348
123 488
102 343
147 830
155 544
220 3516
78 341
238 1452
136 987
120 611
219 1222
224 1292
328 1901
191 893
26 74
153 1076
118 611
120 386
247 1647
64 294
128 690
300 2012
141 494
156 591
126 634
87 281
187 1011
209 1001
129 603
239 1986
56 168
94 412
39 303
94 780
49 337
78 602
73 441
47 145
206 1113
370 4095
100 410
39 126
134 487
197 1256
125 626
305 2981
217 1071
315 2220
70 221
115 552
77 379
124 644
190 1215
83 221
63 251
52 193
374 4515
231 1090
56 287
34 166
110 365
92 707
174 1756
82 436
182 1517
146 835
56 478
49 283
88 361
111 433
64 402
108 554
186 1333
112 692
239 1489
238 1652
259 1735
272 2600
385 4230
214 1168
491 6587
475 9272
262 2631
261 2506
196 1208
241 2178
238 1985
532 28517
422 9600
570 12388
331 2293
161 759
292 3001
297 3885
257 3214
212 903
252 2022
418 5386
528 17242
526 10234
442 10246
359 5352
297 2435
386 6956
416 7312
350 6497
344 3957
293 3553
255 2385
196 2152
211 2264
153 893
229 1874
323 2335
255 2076
311 2615
133 613
461 7431
693 23512
475 9988
479 13167
305 3939
375 5028
248 1504
432 5875
431 6034
303 1911
446 5614
365 3285
357 6431
339 3112
295 2746
285 3147
273 2584
333 6480
178 1240
199 1323
141 703
172 1325
206 1315
227 1673
352 3818
182 1182
212 2121
298 3435
250 2366
166 1052
490 7052
488 6460
401 7699
405 8116
595 10178
180 828
259 1421
306 1900
249 1093
403 2224
252 1822
336 3075
270 1782
227 1060
217 918
405 6166
159 703
321 2039
346 1874
395 4626
373 2672
395 5545
155 655
274 1508
169 1282
267 1854
381 4593
335 5105
288 4184
92 344
197 1947
279 3638
556 12449
264 4348
149 4910
87 210
49 196
471 3257
559 3287
78 306
61 344
403 4252
252 1973
320 2461
636 13777
166 1854
294 5210
109 650
153 1766
189 2042
108 1019
176 2022
114 1094
93 540
65 688
221 2389
344 4817
155 994
276 4232
305 4852
128 1002
237 2368
241 2351
131 1205
151 1392
264 5164
292 4284
113 1406
303 4603
379 8858
160 2989
214 6120
167 2888
344 6063
413 14751
240 1546
282 4663
244 3040
312 2773
293 3316
291 3279
293 4020
292 9835
312 5318
201 2487
153 1435
239 2345
169 1439
220 2018
225 2743
215 2086
321 6669
179 855
393 10441
216 3090
387 9718
235 4218
271 3159
174 3568
101 1132
165 3159
132 1123
51 340
111 973
77 497
155 1519
200 2422
187 959
221 2079
214 1482
148 1206
204 1891
146 1113
123 630
243 2941
138 849
74 677
66 606
45 252
145 1050
159 2283
38 160
81 389
134 9573
207 16133
228 13044
321 26394
281 11122
247 6997
92 357
267 6815
211 2383
153 1191
419 6560
403 11828
279 3318
260 2398
208 1482
33 151
37 101
74 489
152 899
122 1823
284 2607
264 2929
232 1105
57 185
132 930
151 2027
92 619
74 320
57 161
200 1083
91 535
121 1327
71 996
110 1074
55 186
66 439
34 98
59 444
92 375
80 296
168 1294
203 1866
318 7466
197 2971
172 1170
142 463
171 836
296 3573
222 3842
206 2600
228 3494
228 1825
115 1310
182 1224
158 4796
98 2411
106 1833
459 10109
270 3332
159 859
90 728
354 3908
214 1272
277 2855
385 3942
96 516
199 785
140 702
121 729
88 490
268 6846
202 3110
152 947
269 2702
70 997
38 159
163 1665
81 350
143 1109
69 464
157 2646
51 236
145 668
115 3466
312 1643
367 3569
178 749
346 2337
110 1727
7 27
16 75
80 1712
403 9713
178 3118
270 3212
218 2307
196 2404
106 1900
199 2535
178 2259
171 1953
332 8652
138 736
395 4156
59 362
428 9651
252 5503
231 4255
40 312
84 673
115 1656
262 3646
129 867
105 756
147 1168
95 589
216 3224
370 10369
299 7979
210 3868
221 3605
145 1122
48 696
58 854
254 2123
129 693
129 653
266 2121
245 2710
56 273
234 1822
230 3607
199 1968
206 1771
175 1473
303 3210
95 2051
176 2779
123 3431
43 118
178 1479
252 2955
159 1589
194 1739
118 855
230 2023
165 1447
101 559
98 488
126 387
146 615
118 629
239 2321
482 3611
292 2876
231 1631
529 9580
227 2653
241 1938
381 3953
334 4588
165 3447
161 1251
200 3199
115 550
210 1867
147 832
157 1367
114 574
137 730
279 3295
147 994
232 1389
310 2207
192 1819
82 402
190 1867
128 695
401 5546
306 2412
184 1928
466 6784
137 472
249 2525
216 2032
288 3380
457 8480
92 513
237 3596
53 233
450 9994
601 12087
199 1135
119 454
252 2527
212 1444
226 3365
220 4560
289 4742
122 703
119 649
81 926
84 314
339 15199
83 2149
425 18471
210 3769
308 9424
249 2123
112 990
255 3658
117 849
389 9401
455 7394
290 5006
344 8698
440 13481
526 7621
184 1692
759 29541
272 2168
153 1109
187 1435
132 1825
37 127
590 3378
196 882
120 263
881 14549
359 1558
310 4504
700 3888
917 7351
56 126
445 6806
437 8475
445 3899
362 5534
258 2026
262 1923
107 395
40 100
318 2509
120 792
73 334
315 2707
372 3329
102 321
89 245
81 256
176 994
282 2901
320 2854
233 1424
117 362
89 1295
141 5403
83 1223
54 225
181 1511
138 913
64 148
52 134
139 1168
204 2182
206 1050
90 511
261 2405
271 2066
91 298
321 1456
157 1587
234 901
200 1766
302 7497
466 9389
609 19446
335 8703
253 1671
214 1473
278 2798
772 25201
549 14597
519 4510
367 1618
62 282
173 2963
300 2992
145 791
61 872
52 596
84 368
105 563
288 3138
42 151
66 561
34 191
16 131
43 127
46 152
28 56
44 151
241 1460
38 307
204 2507
18 204
109 475
89 636
36 98
78 505
28 148
48 94
105 287
96 496
186 2642
19 160
51 331
71 814
79 369
166 669
149 796
177 1256
93 480
424 4094
279 2686
202 2308
130 589
135 748
228 2210
227 2370
205 3088
167 1571
122 690
223 2115
150 874
232 2342
200 1657
377 2228
153 1021
291 3219
144 665
222 1750
180 1216
272 3122
177 948
140 874
134 413
150 931
168 1407
149 823
144 576
203 1870
135 470
212 1385
67 278
191 1226
334 3318
135 565
137 679
128 419
132 556
211 1431
238 2056
91 477
146 941
428 5525
426 6017
345 3370
349 4026
187 1034
391 4052
286 2505
333 3574
166 1186
263 1556
170 671
265 1517
191 1249
540 10330
195 2632
110 509
50 120
79 282
111 410
102 376
90 294
128 742
140 800
86 345
90 324
194 1904
285 2679
315 1794
180 1436
127 819
70 190
137 942
229 5544
98 344
154 677
204 950
115 508
64 213
270 1990
227 2087
212 1227
201 878
177 840
204 1361
178 626
149 911
235 5801
214 1933
179 2521
153 1238
236 1521
147 846
152 1174
150 817
154 744
176 1574
269 2495
142 866
188 1569
88 212
101 558
220 1588
175 1143
190 1153
185 1747
58 254
128 449
192 1575
274 1896
67 190
221 1077
239 856
223 1406
316 1988
217 2739
184 2381
280 3911
171 2124
291 2525
413 4367
394 3783
294 2109
388 4142
468 6136
370 4757
264 2864
319 3618
369 2282
261 1870
143 672
158 504
268 1810
307 2537
406 3428
349 2714
241 1620
232 1645
251 1888
230 1143
115 561
106 757
265 2404
301 3773
177 2363
279 2287
318 2492
149 1226
142 646
154 853
150 842
326 2842
252 3018
218 1309
524 3355
257 2691
228 2124
208 2404
229 2332
167 1193
132 1060
218 1264
621 9501
571 7908
460 7593
488 12684
445 7559
337 4767
450 5801
339 3438
462 7561
342 3994
269 2827
240 2249
320 3678
301 3097
317 3607
133 1256
372 5610
384 5807
243 1758
258 1759
503 7550
235 975
216 946
433 5797
509 5025
610 9871
749 9622
492 6865
352 6798
932 37930
590 18680
330 7754
456 8156
510 15511
395 8698
315 4656
824 13735
288 6841
331 1528
377 7847
243 2976
65 146
157 830
167 891
155 771
151 734
184 1458
140 751
228 1581
204 1040
72 486
96 267
61 211
82 216
144 673
755 32807
608 11303
349 2280
342 2948
362 4593
258 991
403 9487
376 7034
483 9563
290 3103
322 3670
280 2738
242 2215
326 5068
215 2212
369 4235
420 7032
411 4892
218 1636
241 3872
230 1853
251 1546
337 3599
349 3367
404 6542
480 11319
371 4522
295 2025
287 2341
274 2953
298 2521
274 1972
262 2102
875 8180
837 10107
466 6289
835 8511
558 11694
546 8241
622 16700
906 10608
461 6368
584 7970
445 4009
543 7289
481 9415
718 10405
402 8881
524 5593
335 4129
489 3392
392 4842
220 4459
408 12605
537 8650
491 4684
356 5340
157 1711
164 1563
160 1819
241 1094
227 1461
576 11378
457 12540
646 21543
551 11637
396 3912
322 2042
620 13650
284 1789
155 1032
502 6237
464 5934
250 2601
294 2775
298 2409
279 2652
131 876
272 1780
135 720
141 804
134 821
216 1462
523 7887
537 8029
215 2908
222 3265
191 2487
195 1878
371 4684
214 1571
145 656
207 1329
219 1480
222 2708
259 3032
238 1868
114 700
155 1467
137 979
102 564
100 747
92 834
44 164
77 413
45 141
206 2112
563 6986
419 3611
202 1755
332 2045
278 1979
454 5944
304 1929
247 2341
410 4118
220 2763
165 1180
389 5677
161 945
378 3792
546 6479
233 3901
196 1632
183 1160
299 1760
122 326
134 505
186 604
127 570
113 471
63 269
166 1105
198 1280
285 8307
449 7539
319 4952
160 983
226 1387
221 1673
155 1060
141 701
169 960
147 1020
203 1601
141 1226
152 789
249 2906
187 2756
176 2249
174 1853
398 7839
76 240
209 3797
294 3830
189 1949
283 3301
335 3986
119 1769
239 1853
226 2203
311 4862
142 843
191 2734
341 5271
228 1848
274 2170
252 983
179 993
211 1874
313 2118
158 1456
265 2488
217 836
211 1137
229 3753
179 951
217 2704
172 812
269 2393
244 2647
131 813
418 5154
174 1369
151 968
157 1145
317 4848
320 6040
184 1581
193 1878
154 1162
83 423
146 1482
181 1603
181 1428
156 766
276 2392
287 2250
84 683
203 840
208 1533
198 1379
192 1566
228 2302
414 3157
225 1358
181 1087
179 1179
267 2768
298 7598
183 1732
386 3535
476 4473
219 2001
174 1341
512 12075
427 6224
172 712
191 1651
412 5919
364 3076
470 14884
802 15780
752 18263
488 8127
359 5786
283 2413
368 5384
300 2078
341 3851
354 4008
288 2353
270 2843
160 1172
157 980
133 763
225 1940
299 2540
192 2774
172 2377
152 1419
307 6853
409 6863
310 2689
317 5495
224 1160
54 442
229 1691
301 2490
259 2354
356 5471
407 4877
198 2234
224 2156
117 689
187 1748
239 1590
269 2042
120 884
202 1544
211 1075
232 1505
191 2274
191 2213
156 684
249 2281
266 3146
291 2964
165 727
197 1004
81 188
62 114
112 331
154 534
285 1274
212 1080
235 2412
271 1402
142 1254
130 911
226 1833
277 2280
268 2202
315 2750
361 3104
266 1937
289 1790
387 5416
734 19569
271 2240
466 4266
312 2381
304 3080
302 2016
165 640
83 281
364 4627
148 1497
238 2240
68 151
144 630
137 724
158 2483
369 5452
591 10714
299 3251
338 3466
309 2416
240 1040
227 950
273 1683
58 212
34 88
156 1917
44 138
53 181
118 930
107 498
144 600
147 774
228 3263
250 1957
228 2313
298 4740
218 1617
62 337
292 2502
289 2740
621 7870
433 8048
232 3134
244 1872
361 4215
176 811
191 1598
319 7873
260 3883
201 2983
155 1290
325 6153
157 1450
97 616
78 387
229 5206
62 273
89 351
390 3549
308 5456
257 1724
228 3623
202 2164
127 1536
87 1309
479 10571
348 3433
361 3927
349 3562
219 2051
232 2343
264 5345
240 4287
265 8021
236 4933
151 871
289 4933
322 4309
288 2374
366 4486
219 1297
298 2011
309 3070
191 1644
202 1245
243 1598
171 1369
232 1941
142 434
394 5366
252 1345
309 4191
243 2163
270 2911
255 2223
168 1044
138 646
142 461
169 758
107 333
96 367
79 153
617 7850
239 1671
268 2349
213 1030
235 1155
276 2145
115 814
333 2465
266 1878
689 8845
437 5954
288 1887
317 2091
172 860
551 6647
248 2710
356 4594
306 2165
252 1971
173 966
113 873
203 4766
126 1022
149 1322
106 513
158 2818
134 1998
130 2985
129 1103
66 346
48 198
33 78
46 289
496 12696
97 1315
220 1589
164 1320
101 1039
157 1571
54 694
163 2139
130 534
106 495
124 668
56 283
221 2164
238 2855
126 953
103 558
77 1203
69 781
57 182
49 325
30 115
31 59
42 98
40 119
299 5463
261 6003
241 2160
185 2263
49 249
289 4945
54 157
58 171
65 194
167 478
193 2235
689 8528
109 744
101 967
1379 85423
176 3673
206 3990
375 6109
301 6299
336 3506
1375 409530
36 605
49 454
36 174
